{"poses": [[[0.9999912504925151, 0.0038249094892096945, -0.0016938139848242995, 1.4771860029859274], [-0.00381774799368987, 0.9999838448745594, 0.0042112694226062175, -0.4601298293367619], [0.001709894345423047, -0.004204766021130638, 0.9999896980489524, -0.06826057834142842], [0.0, 0.0, 0.0, 1.0]], [[0.9999888993297014, 0.003926646008603256, -0.0026043556776073197, 1.515438600368297], [-0.003913848777420795, 0.9999803317407465, 0.004900808036853741, -0.477903395564699], [0.0026235481927815063, -0.004890560580314754, 0.9999845995874589, -0.07039375609096515], [0.0, 0.0, 0.0, 1.0]], [[0.9999884066582694, 0.0038346981723214393, -0.002912325356611133, 1.5534960149329446], [-0.0038194850646527806, 0.9999791261130975, 0.005211417458506352, -0.4936953587115693], [0.002932248778064354, -0.005200233457559869, 0.9999821795857616, -0.0714708280312435], [0.0, 0.0, 0.0, 1.0]], [[0.9999895185946029, 0.003778371291975405, -0.002585848277508094, 1.5916339262843633], [-0.003765000694328759, 0.999979619171555, 0.005156162457059871, -0.5073760870005628], [0.0026052774719824818, -0.005146372692670618, 0.9999833635503154, -0.07262321484372174], [0.0, 0.0, 0.0, 1.0]], [[0.9999896540552203, 0.003892749574545078, -0.0023533557467098126, 1.6306589553013997], [-0.0038798853679805814, 0.9999776413713766, 0.0054463976048344164, -0.52207033004825], [0.002374504590861676, -0.005437210506178237, 0.9999823990800335, -0.07575921594794696], [0.0, 0.0, 0.0, 1.0]], [[0.999989369811611, 0.00390232101933543, -0.0024560444700796632, 1.6626574636114624], [-0.003887059612250702, 0.9999732980339483, 0.00618821352889078, -0.54179603471253], [0.002480127284589528, -0.0061786009557496385, 0.9999778366838347, -0.07737393116849044], [0.0, 0.0, 0.0, 1.0]], [[0.9999888883255929, 0.003855240213767079, -0.00271299617380359, 1.6950541351943462], [-0.0038359300582387276, 0.9999675279731142, 0.007087216655885303, -0.5628285164820147], [0.002740230999974342, -0.007076731041470391, 0.9999712050913434, -0.07432656563401277], [0.0, 0.0, 0.0, 1.0]], [[0.9999876645771084, 0.003954011122566488, -0.003006075458638453, 1.72887979087591], [-0.003931267662082406, 0.9999638878435115, 0.007534463714040028, -0.5810144756880283], [0.0030357582560989627, -0.00752255308600353, 0.9999670971421404, -0.07433076485243809], [0.0, 0.0, 0.0, 1.0]], [[0.9999865672027826, 0.004088411540012685, -0.003185954342775664, 1.7623667106050631], [-0.0040633281536161985, 0.9999610094564746, 0.007840212439999907, -0.5988721227373845], [0.0032178841357000387, -0.007827161546038922, 0.9999641897407234, -0.07626613465220403], [0.0, 0.0, 0.0, 1.0]], [[0.9999866063271943, 0.004082993565435281, -0.003180617827654797, 1.7972610689805923], [-0.004056523707950669, 0.999957453258234, 0.008284702089610334, -0.6143204030601319], [0.0032143088880528547, -0.008271688875397441, 0.999960622915483, -0.07821333017887683], [0.0, 0.0, 0.0, 1.0]], [[0.9999865603794902, 0.004107385469446925, -0.003163612650380192, 1.8299369061583783], [-0.004078267694292898, 0.9999497658087946, 0.009156068564104421, -0.6262463941087046], [0.003201061231834875, -0.009143043450748256, 0.9999530778808813, -0.07983757449129746], [0.0, 0.0, 0.0, 1.0]], [[0.9999866510088659, 0.0041154416845216495, -0.00312425092046232, 1.8387065567026788], [-0.004085939147236894, 0.9999475515519164, 0.009391445395279889, -0.6295157092224042], [0.003162737004207762, -0.009378554529816863, 0.9999510187052031, -0.07989038875466802], [0.0, 0.0, 0.0, 1.0]], [[0.99998737598646, 0.00400330658910204, -0.00303667648390607, 1.8647744096334595], [-0.003972467931999124, 0.9999411601458527, 0.010094342212127025, -0.6376300477978011], [0.0030769085529951234, -0.010082151681062088, 0.999944439882155, -0.08284810120724134], [0.0, 0.0, 0.0, 1.0]], [[0.9999885694406861, 0.003824209647760301, -0.002869914378518691, 1.894315637066691], [-0.003792561081966713, 0.9999328187137067, 0.010953288990112681, -0.6517577140503719], [0.0029116092474098863, -0.010942279462312653, 0.9999358924709919, -0.0887618171198316], [0.0, 0.0, 0.0, 1.0]], [[0.9999890801225041, 0.0038123824454022286, -0.002702845877585751, 1.9221178271890502], [-0.0037813376108827854, 0.9999278735835945, 0.011399522641924278, -0.6683060744903718], [0.002746110271004542, -0.011389177787760182, 0.9999313703988381, -0.09168252467225303], [0.0, 0.0, 0.0, 1.0]], [[0.9999904169393314, 0.0036740670299987383, -0.0023806009663880543, 1.9491538477348052], [-0.003645925976904686, 0.9999246784067906, 0.01171941708649916, -0.6812656280824881], [0.0024234795796587807, -0.011710625283710219, 0.999928491444359, -0.09208776247878263], [0.0, 0.0, 0.0, 1.0]], [[0.9999914541933547, 0.0035848191624103473, -0.0020592745889686462, 1.9749052926682653], [-0.003560335113979866, 0.9999243603535932, 0.011772747569436024, -0.6997900269801034], [0.0021013219972480165, -0.011765315254183178, 0.9999285783508908, -0.09429681945202344], [0.0, 0.0, 0.0, 1.0]], [[0.9999919582937066, 0.0037234039559048914, -0.0014898358630971351, 2.0027185726548042], [-0.003705200300349303, 0.9999206487963086, 0.012040249229295181, -0.7165334852920643], [0.0015345483544385342, -0.01203463226485976, 0.99992640368559, -0.09519043121086511], [0.0, 0.0, 0.0, 1.0]], [[0.9999922483504241, 0.0038583004074074423, -0.0007853387995141373, 2.0306820446770364], [-0.003848366062386174, 0.999917181803744, 0.012280863662963291, -0.7361023744660764], [0.0008326570204454382, -0.01227774619482816, 0.999924278948492, -0.09728846520497576], [0.0, 0.0, 0.0, 1.0]], [[0.9999919793750185, 0.0040036072955628235, 0.0001109696154809998, 2.057690772001803], [-0.004004675417192665, 0.9999151191306951, 0.0123982703894866, -0.7542633296273018], [-6.132239049986226e-05, -0.01239861534490056, 0.9999231323342278, -0.09973127915687438], [0.0, 0.0, 0.0, 1.0]], [[0.9999908440653877, 0.0040319790236722705, 0.0014335028936355663, 2.081388660649163], [-0.004049555914150172, 0.9999139508496229, 0.012477659764401114, -0.7667606810474942], [-0.0013830698794949211, -0.01248335056988507, 0.999921123427372, -0.09976350965315268], [0.0, 0.0, 0.0, 1.0]], [[0.9999886348111232, 0.003987246412606331, 0.0026138314083519205, 2.1029009854593266], [-0.0040187555984868995, 0.9999179586684346, 0.01216246421537839, -0.7775939051807564], [-0.0025651222243314713, -0.01217283033628119, 0.9999226181808162, -0.09945403439109439], [0.0, 0.0, 0.0, 1.0]]], "velocities": [[0.44574273752049554, 0.004776998525569827, -0.03928061893522161], [0.4415966197576088, 0.0004564920890958895, -0.034602992156021264], [0.44174474049521756, -0.006024054280005036, -0.023627282264024985], [0.4375142736716696, -0.0034829006569883744, -0.0211], [0.4318676092404007, 0.0025320412575393124, -0.025611479865531795], [0.4247449111626966, 0.003104868191189946, -0.02786178384951005], [0.41557009925993016, 0.0030060418483539996, -0.02869329566316191], [0.40816992277510483, -0.00011744223278569888, -0.028281882554895933], [0.39690295783710994, -0.0007456842753071565, -0.02476913906968982], [0.38544161571553365, 0.0012297524168378364, -0.025024819397754097], [0.3736710027946268, 0.0034952383105992134, -0.0252], [0.3709438031124238, 0.0028431405384585066, -0.025453718141286986], [0.3626527486029653, -0.00031217101667596224, -0.0239], [0.35442754091471024, -0.00017373594848045374, -0.022847009036072764], [0.3500150668812641, -0.001961012492027691, -0.022387139689578717], [0.3492427642945629, -0.002937956410106286, -0.027930627279879838], [0.3532939266977193, -0.0009986036027093993, -0.026850737906206044], [0.3589839041519785, -0.0015124762713172519, -0.021518901842977375], [0.3597014491597547, 0.0005226287237964787, -0.02229994039529838], [0.3421384407012522, 0.00030346519895177535, -0.01689737739312877], [0.2954571454671476, -0.0050678272597184685, -0.008343838065946643], [0.23682553228542216, -0.005417588423728978, -0.011496767040984193]], "accelerations": [[-0.5890349331235248, -0.3128285864148964, -9.780651298190401], [-0.49618925923276835, -0.23264910235319364, -9.895177290608684], [-0.5094997377393129, -0.29523622773764396, -9.86861341821043], [-0.5285784827027156, -0.36932747061488214, -9.771033543141884], [-0.5192139689578714, -0.3332417709748945, -9.738116186252771], [-0.5434624347328518, -0.28542990487089626, -9.76884457478006], [-0.5205463653052953, -0.2751681734735236, -9.77161785280023], [-0.5412175762344135, -0.25469841689912504, -9.813969096154306], [-0.5708489402284053, -0.29691039744415043, -9.793856688839616], [-0.5672371003504757, -0.3267751806022459, -9.779262642157214], [-0.5516552464058365, -0.26535257849939203, -9.788907867820614], [-0.5631635982166273, -0.2472743628257397, -9.790324805092625], [-0.5632096225830294, -0.22572203705028254, -9.801498455046135], [-0.5135546837374533, -0.2629470662565863, -9.79347697589586], [-0.5028685144124169, -0.19294530672579455, -9.773119955654103], [-0.4625894833464464, -0.24759778508928787, -9.747139851703503], [-0.4407391602889636, -0.26590851155139117, -9.860179681949312], [-0.4377597668264073, -0.24785796914860644, -9.800781996995923], [-0.527694695181556, -0.2632022053739599, -9.78319850988246], [-0.802602021791479, -0.2078312114059557, -9.881688348472927], [-1.0185670767470139, -0.1937445986219393, -9.795013263238205], [-1.0683604391674415, -0.24836443745082612, -9.694010464201417]], "angular_rates": [[-0.5011691736606015, 0.5212936212421608, 0.06134615385552958], [-0.24667376021586912, 0.36259638777689174, 0.0812535378182579], [-0.03703453677236794, -0.06911912144955874, -0.06659304187786402], [-0.07778591577155206, -0.20839563605496125, 0.04204929376419293], [-0.22538953174681003, -0.01952257073790333, 0.09101074556038635], [-0.492813084940264, 0.08763692942120174, -0.05520475608566261], [-0.32841358064603055, 0.2095232194000076, 0.048797226571172254], [-0.17859793749661868, 0.16055441831325842, 0.10084772998810151], [-0.139973208225541, -0.008636864404506922, 0.006139376031944562], [-0.41090741369850875, -0.009878348092776228, 0.03210219292166362], [-0.49975472209683575, -0.058381452777412905, 0.026702923233623714], [-0.5205299234023644, -0.021483383314807182, 0.038454315888767035], [-0.5056901348252708, -0.08358070843124916, -0.11880408221414519], [-0.3526383859420511, -0.10603631546007909, -0.026811646288518363], [-0.2727575535315396, -0.14737761846047256, -0.03228466842955189], [-0.08720269290040879, -0.17087039070388677, -0.056599140534509346], [-0.04405987114684891, -0.15136881598751542, -0.013832266411776928], [-0.1915757327679615, -0.3471670440291558, 0.15879338896010559], [-0.043577918879008984, -0.3529816169355532, 0.05670608773852621], [-0.16182805856280705, -0.5011809215971776, 0.13118737725317048], [0.02513415022857832, -0.7358610630981733, -0.004013395663015179], [0.13111188993047318, -0.43499459055150086, 0.08507999102540761]], "timestamps": [1614089086.974031, 1614089087.08497, 1614089087.195909, 1614089087.306848, 1614089087.417787, 1614089087.528726, 1614089087.639665, 1614089087.750604, 1614089087.861543, 1614089087.972482, 1614089088.083421, 1614089088.112314, 1614089088.19436, 1614089088.305299, 1614089088.416238, 1614089088.527177, 1614089088.638116, 1614089088.749055, 1614089088.859994, 1614089088.970933, 1614089089.081872, 1614089089.192811], "origin_lat_lon": [43.304144772083774, 5.419428611940971]}