{"poses": [[[0.99993864257084, -0.008574278681521311, 0.0070137606658326685, 9.182894993829494], [0.008538106722751205, 0.9999501791361041, 0.005171071384569877, 0.035383825999623954], [-0.00705774944135048, -0.005110869863831002, 0.9999620328702776, 0.00036631790969986303], [0.0, 0.0, 0.0, 1.0]], [[0.9999367181235677, -0.008626286209900925, 0.007221283438116493, 9.317243180946358], [0.008588170255742435, 0.9999491137533936, 0.005292753107886392, 0.03527280063796716], [-0.007266572777253616, -0.005230400560906716, 0.9999599191117838, 0.00017419527668383427], [0.0, 0.0, 0.0, 1.0]], [[0.9999365622191104, -0.008561372284336064, 0.007319456403042022, 9.448168724540084], [0.008521061428370455, 0.9999484541661994, 0.005520916840734173, 0.0361305377791308], [-0.007366345739983146, -0.005458197068388721, 0.999957971634409, -0.0006412830738189056], [0.0, 0.0, 0.0, 1.0]], [[0.9999350281567387, -0.008556127213185782, 0.007532074899653959, 9.57480890605616], [0.008513286044943894, 0.999947506276216, 0.005701635966448278, 0.03702247675760718], [-0.007580463435646863, -0.005637142812517236, 0.9999553786019715, 0.002355633093224418], [0.0, 0.0, 0.0, 1.0]], [[0.9999344064714452, -0.008562504894319685, 0.007606987875206813, 9.69818330938146], [0.008519808144860726, 0.9999478700272084, 0.00562761914346532, 0.03832379587170655], [-0.007654777839595142, -0.005562439930811293, 0.9999552308169815, 0.004340179911828286], [0.0, 0.0, 0.0, 1.0]], [[0.999934358563296, -0.008473784821537907, 0.007711908674771118, 9.820206522503502], [0.008429849569807234, 0.9999481548522947, 0.005711851164166792, 0.04107332961694769], [-0.007759909847424585, -0.005646466000025725, 0.9999539495501132, 0.005695236905757518], [0.0, 0.0, 0.0, 1.0]], [[0.9999318480757445, -0.008431624733975004, 0.008075079452955132, 9.938479026737518], [0.008384088677181024, 0.9999474316223265, 0.0059026306818069, 0.042314737793844516], [-0.00812442372598095, -0.005834526223958907, 0.9999499747701696, 0.007498068702873587], [0.0, 0.0, 0.0, 1.0]], [[0.9999275362801963, -0.008426773330312266, 0.008597190230320281, 10.055117581869288], [0.008375154418348761, 0.9999467911303785, 0.006022598818451246, 0.0433107460080091], [-0.008647483858648702, -0.005950159602795124, 0.9999449067941771, 0.010908908710428855], [0.0, 0.0, 0.0, 1.0]], [[0.9999246562612784, -0.008402227460889138, 0.008948987342705078, 10.169674323912803], [0.008347336292467956, 0.999946226297025, 0.006153575477665974, 0.04381504507771182], [-0.009000209863378884, -0.006078411637456382, 0.999941022828037, 0.011518525535245787], [0.0, 0.0, 0.0, 1.0]], [[0.99992408557464, -0.008406793321591891, 0.009008269188260726, 10.281216463407223], [0.008351374312622496, 0.9999460785789565, 0.00617207271974519, 0.04463522342044859], [-0.009059670789305686, -0.006096372742491362, 0.9999403765248076, 0.009798021665937155], [0.0, 0.0, 0.0, 1.0]], [[0.9999229997181752, -0.00834077486127566, 0.009188368153250479, 10.391673114332301], [0.008282308415792042, 0.9999453296515428, 0.006382873598396172, 0.04492965750430155], [-0.00924110393361399, -0.006306281216447182, 0.999937414449178, 0.0074559445463058234], [0.0, 0.0, 0.0, 1.0]], [[0.9999220319157757, -0.008357344436579841, 0.009278193972696391, 10.415809947630008], [0.008297491461111493, 0.9999446387257936, 0.006470789673197528, 0.04511561458604675], [-0.009331758938131306, -0.006393299422860306, 0.9999360199520818, 0.0073814484677869364], [0.0, 0.0, 0.0, 1.0]], [[0.9999204042346088, -0.008306101034553738, 0.009497045903868831, 10.50009412979152], [0.008241107903803908, 0.999942494932276, 0.006862285999064351, 0.046705700961319284], [-0.009553498616437185, -0.00678347361009676, 0.9999313552189304, 0.008240621363708569], [0.0, 0.0, 0.0, 1.0]], [[0.9999187983047911, -0.00831167889334422, 0.009659854588776152, 10.606891945281067], [0.008240257541821215, 0.9999385927172054, 0.007410057380286471, 0.048147422332572076], [-0.009720851420879861, -0.007329855981437538, 0.9999258863830581, 0.009696694759561558], [0.0, 0.0, 0.0, 1.0]], [[0.9999166668643481, -0.008381326771219702, 0.009818996305444172, 10.71325033912366], [0.008306388502332408, 0.9999362535794635, 0.007648051223370733, 0.04886458310573413], [-0.009882471196042535, -0.0075658534892646765, 0.9999225443123274, 0.00722624700308806], [0.0, 0.0, 0.0, 1.0]], [[0.999916109973622, -0.008319910931132487, 0.00992734089862467, 10.818710513634244], [0.008245640212751017, 0.999937884883483, 0.00749905275538964, 0.050635743284898234], [-0.009989115711680754, -0.007416566378336793, 0.9999226030600841, 0.004262621143395685], [0.0, 0.0, 0.0, 1.0]], [[0.9999163851185731, -0.008300337488403578, 0.009916005697057284, 10.922828873216543], [0.00822830989006486, 0.9999396273639819, 0.007282619277027707, 0.05048504854139316], [-0.009975855239453464, -0.0072004183739333445, 0.9999243152796524, 0.0017440337322911156], [0.0, 0.0, 0.0, 1.0]], [[0.9999146749773565, -0.00834416125566147, 0.010050758074239823, 11.024292552930582], [0.008271689485606627, 0.9999396462910036, 0.007230693498983432, 0.05272045287822241], [-0.010110485546257597, -0.007146939790011838, 0.9999233467289664, 0.002529025518267923], [0.0, 0.0, 0.0, 1.0]], [[0.9999122695089591, -0.008425341761556016, 0.010220905128397559, 11.124697503013747], [0.008349349973836028, 0.9999373539810489, 0.007454962668785299, 0.054562898988097415], [-0.010283075437685345, -0.007368970727283307, 0.9999199751129904, 0.0047257658319942875], [0.0, 0.0, 0.0, 1.0]], [[0.9999097135531678, -0.008445626529444392, 0.010451609184575807, 11.223878420903102], [0.008366102755992751, 0.9999358995180532, 0.007629231920583632, 0.05567844891331657], [-0.010515372874897719, -0.007541103867937824, 0.9999162758380098, 0.006938972998474146], [0.0, 0.0, 0.0, 1.0]], [[0.9999064978874285, -0.008467986726714848, 0.010737256786261373, 11.322387793146715], [0.008383994915089718, 0.9999340919326428, 0.007843495400955006, 0.056304284519907294], [-0.010802967729364208, -0.007752740911267044, 0.9999115915402726, 0.009277778192452216], [0.0, 0.0, 0.0, 1.0]], [[0.9999025444207452, -0.00854002252491149, 0.011043988237659577, 11.42047213323017], [0.008450290727610492, 0.9999311132689702, 0.008146244735871933, 0.05753603175645544], [-0.01111279656695014, -0.008052125927471915, 0.9999058300762675, 0.010296482275985373], [0.0, 0.0, 0.0, 1.0]]], "velocities": [[1.202188072957201, -0.0017706991545400946, -0.011773378156068952], [1.1804941107587017, 0.0010618588970503517, -0.0126], [1.1566317175067526, 5.179537750375162e-05, -0.012833018620508787], [1.1286728173444986, -0.0018850148753397915, -0.010013597024533296], [1.105391781186724, -0.0014742693358499362, -0.0135], [1.0829591790196196, 0.0008986328380134095, -0.009799034403833774], [1.0624543963955961, 0.00010829537312629205, -0.007183012660038624], [1.0416521638574483, -0.0018076867046869219, -0.0060538802660753885], [1.0206851559215804, -0.0011744169562405166, -0.007183496650215769], [1.0039086202010017, -0.0011076663394106493, -0.01130437736928689], [0.9914976664170715, 0.0004130585160653854, -0.010888830078916625], [0.9879093527281624, 0.0010536597311757386, -0.010234496817108935], [0.975586920302602, 0.0020250130398452556, -0.0081], [0.9621581685027176, 0.0021152662175262637, -0.01051414061941206], [0.9514020585933276, -0.0020408251073450842, -0.013680599861717093], [0.9420250937637752, -0.005006399191207628, -0.013399957084614835], [0.9324750858906146, -0.003423685218623819, -0.009740280857354029], [0.9256181984007423, 4.131209595719424e-05, -0.011108289821901152], [0.9163268200435698, 0.00038451284983865696, -0.008541723291133205], [0.9087791560812614, -0.0015976799635639381, -0.0057], [0.9033651437749555, -0.0004927577129038623, -0.00689135970245333], [0.9001525172492052, 0.002327889898538271, -0.012508270748396635]], "accelerations": [[-0.33340783205779273, -0.18409788999356272, -9.855238752592804], [-0.2472983286841666, -0.18331857044083638, -9.759918801707078], [-0.3081476265407816, -0.1441716233936533, -9.849008471020195], [-0.2631493813031972, -0.1531893069165296, -9.810424411701595], [-0.2881926137853754, -0.15343069403714565, -9.814011639606132], [-0.2353897932908948, -0.1513623417495172, -9.861687997997283], [-0.2214112152206566, -0.12868255728011826, -9.83382255680328], [-0.26041751662971174, -0.09107206208425722, -9.837952106430155], [-0.2419432181770498, -0.16465972152683403, -9.782563641132013], [-0.21945418782633577, -0.10942440454903082, -9.78745340819684], [-0.20307972248050926, -0.1563174665617624, -9.829891476527669], [-0.20620389814748588, -0.14412511265288608, -9.834504034046207], [-0.22589658822687936, -0.1663671911880409, -9.814284951004936], [-0.19626912953293757, -0.13419510049352693, -9.757863314498248], [-0.1625462985480295, -0.09900459433040079, -9.788531302005103], [-0.16219783277304914, -0.13334503254416707, -9.836653787282742], [-0.14707161862527718, -0.18772830746489286, -9.829950406504066], [-0.16139014376654032, -0.13408450754595524, -9.797269930620129], [-0.1584131559497413, -0.11073037455594498, -9.847766444937177], [-0.1509881982690795, -0.08596176954438167, -9.818407510192404], [-0.14627183558639106, -0.17327103211501324, -9.762524814629378], [-0.12303306392008202, -0.10787820136852395, -9.761418813628019]], "angular_rates": [[0.010988036325131026, -0.08682796104441307, -0.07337334981238454], [-0.08523446273099233, -0.10090006294743076, -0.02841349110106469], [-0.27365489098008516, -0.030810042841811925, 0.011234811295186536], [0.09803598431212775, -0.10815091672299927, -0.08627405949524003], [-0.14787473376273053, 0.011965587591787119, 0.07492088090885332], [0.025313661431539826, -0.13043918395757623, 0.052486884619166924], [-0.17054066983744726, -0.27105922537476396, 0.06595135865376285], [0.04367945656804428, -0.29183243226315286, -0.09049684163713761], [0.038402652288614794, -0.05347093823211398, 0.036349577428414256], [-0.07795570077585982, -0.03318917758356549, 0.08273611375377382], [-0.16115946436771172, -0.18535775484408784, -0.05247734966599234], [-0.19771199423067426, -0.136267075745557, 0.010508556588128624], [-0.28349613744990704, -0.17706918943828034, -0.013027478114746728], [-0.21922625002997218, -0.10604112391784049, -0.10418086548179345], [-0.060340462182656235, -0.10676722836059335, -0.0010685841147297197], [0.17388721983546215, 0.024346833572107276, 0.04926773143104616], [0.009018262531490025, -0.015637555432960762, -0.034900879263489976], [-0.14374695964279452, -0.11640841839883685, -0.009378131881677819], [-0.07755978165285297, -0.0689601964563882, 0.03927556495739516], [-0.029843351586293067, -0.08042420179794016, -0.020523658858885782], [-0.07120353324755654, -0.2272570165298905, 0.05876252305500319], [-0.042622907258109397, -0.10519159783908143, 0.004893807886656348]], "timestamps": [1618761477.751407, 1618761477.862378, 1618761477.973349, 1618761478.08432, 1618761478.195291, 1618761478.306262, 1618761478.417233, 1618761478.528204, 1618761478.639175, 1618761478.750146, 1618761478.861117, 1618761478.885517, 1618761478.972088, 1618761479.083059, 1618761479.19403, 1618761479.305001, 1618761479.415972, 1618761479.526943, 1618761479.637914, 1618761479.748885, 1618761479.859856, 1618761479.970827], "origin_lat_lon": [52.24068904902812, 21.01564170940556]}