{"poses": [[[0.9996949754239267, 0.021150922836141568, -0.012751257794197786, 9.937668922386496], [-0.02118283967757996, 0.9997728018550568, -0.0023731780555551014, -0.13263030800403455], [0.01269816582615178, 0.0026425620274667426, 0.9999158831874722, 0.2260713734908783], [0.0, 0.0, 0.0, 1.0]], [[0.9996857207036121, 0.021464371078776297, -0.01295147078490839, 10.495874744615403], [-0.021510146016273605, 0.9997628301766782, -0.0034054391019413418, -0.14781945009034822], [0.012875303478300333, 0.0036829568706453725, 0.9999103271739075, 0.23841911973117513], [0.0, 0.0, 0.0, 1.0]], [[0.9996911652175002, 0.021681858926346245, -0.012143771225393538, 11.078700309208031], [-0.021722090371115946, 0.9997589555167659, -0.0031908704039092586, -0.16519761192862226], [0.012071660034384184, 0.003453673048146238, 0.9999211704761984, 0.25457347718521794], [0.0, 0.0, 0.0, 1.0]], [[0.9996864409234406, 0.022412673141478014, -0.011166553473545683, 11.687152417572584], [-0.022441820643904178, 0.9997450452941491, -0.0024918057682514457, -0.18057493868764948], [0.011107858479973596, 0.002741622230199665, 0.9999345473517433, 0.26913137911247975], [0.0, 0.0, 0.0, 1.0]], [[0.9996692397736682, 0.02315607990936558, -0.01118959398581454, 12.319398444031057], [-0.02317499206313553, 0.9997302013021189, -0.0015634408522479022, -0.19400913570837755], [0.01115037188661913, 0.0018222424800087174, 0.9999361722825784, 0.2778755506508862], [0.0, 0.0, 0.0, 1.0]], [[0.9996581864819528, 0.023414860501855997, -0.011629897131613337, 12.97828534143713], [-0.023434519629708876, 0.9997241614953265, -0.0015569881794781253, -0.20746164021148508], [0.011590232497153527, 0.0018289970324932277, 0.9999311582706667, 0.2836740939977337], [0.0, 0.0, 0.0, 1.0]], [[0.9996482287721987, 0.023649954051213624, -0.012004098715913267, 13.666280151398928], [-0.023672466889929092, 0.9997182592320039, -0.0017367986288164944, -0.22159025739290297], [0.011959641464154225, 0.0020203543024262896, 0.9999264398667241, 0.29380176557111665], [0.0, 0.0, 0.0, 1.0]], [[0.9996236428081594, 0.024537338575518607, -0.01226750808337475, 14.38215411015694], [-0.02455774269483441, 0.999697264621731, -0.0015153816558551422, -0.23524072446285116], [0.012226610841913866, 0.0018160736380888963, 0.999923603013681, 0.30081059550170375], [0.0, 0.0, 0.0, 1.0]], [[0.9996072347755187, 0.025197187004586223, -0.012266945483576071, 15.125651102995471], [-0.025213835663702958, 0.9996813551704041, -0.00120441512285168, -0.2505550608726089], [0.01223268881174115, 0.0015132388179940745, 0.999924032830852, 0.30533408361905845], [0.0, 0.0, 0.0, 1.0]], [[0.9995793498433583, 0.02597255311954599, -0.01290541945004415, 15.893341728745996], [-0.025995887831515522, 0.999660698543597, -0.0016436554319866055, -0.2669326943313011], [0.012858350694411757, 0.001978451864513682, 0.9999153706917597, 0.3084818128401995], [0.0, 0.0, 0.0, 1.0]], [[0.9995514432332231, 0.026942684859398807, -0.013076852180396777, 16.682042744750675], [-0.026978871722922435, 0.9996326260316275, -0.002598740785542674, -0.2860077698177367], [0.013002031031301303, 0.0029503738202927626, 0.9999111172916229, 0.3132723614143289], [0.0, 0.0, 0.0, 1.0]], [[0.9995466322111867, 0.027092594318136414, -0.013134738991989177, 16.883740791841138], [-0.027127622758978464, 0.9996288620801284, -0.0024960328191676474, -0.2914837448477682], [0.01306224018770717, 0.0028512154426999434, 0.9999106202315174, 0.31505768951835494], [0.0, 0.0, 0.0, 1.0]], [[0.9995403240708299, 0.027069085371920446, -0.01365302799777384, 17.494754568567192], [-0.02710213158406377, 0.9996301573264615, -0.002241211073038894, -0.3066309653205248], [0.013587310991524666, 0.0026102070035730015, 0.999904281318676, 0.31957475312190137], [0.0, 0.0, 0.0, 1.0]], [[0.9995174027159353, 0.02698721583537816, -0.01538349275832952, 18.330755230054088], [-0.027033075121773466, 0.999630671449664, -0.002780925485244162, -0.32638727730216005], [0.015302761758957593, 0.003195446533528977, 0.9998777998355599, 0.3246089079119815], [0.0, 0.0, 0.0, 1.0]], [[0.9994868122460125, 0.026941941057541486, -0.017327549115675186, 19.191230591126647], [-0.02702138138226644, 0.9996253173002271, -0.004366916602640677, -0.34669636225174333], [0.01720340357308053, 0.00483288986759213, 0.9998403302933071, 0.33030083212496825], [0.0, 0.0, 0.0, 1.0]], [[0.9994776446405411, 0.02666109275942079, -0.01826537699226756, 20.07637969049966], [-0.026757243955174047, 0.999629255043579, -0.005040075092954638, -0.3682510867406634], [0.01812423128630284, 0.005526173530833084, 0.9998204707078104, 0.34031378582406024], [0.0, 0.0, 0.0, 1.0]], [[0.9994954983677583, 0.02615772265636724, -0.01801450215851223, 20.986685452020936], [-0.02624445320190162, 0.9996449943935067, -0.004594982060812824, -0.3872183177505887], [0.01788791264289005, 0.005065444643717652, 0.9998271669902963, 0.3534399768928202], [0.0, 0.0, 0.0, 1.0]], [[0.9995354693568694, 0.02565373338347267, -0.01645391932131468, 21.92166346185877], [-0.025719794252689526, 0.9996619083835881, -0.0038159023155507304, -0.40449653858608303], [0.016350464248514517, 0.0042373211315885305, 0.99985734353881, 0.36966763439658656], [0.0, 0.0, 0.0, 1.0]], [[0.9995827520539875, 0.02533435887881004, -0.013874150654230106, 22.87921039503109], [-0.0254045405399626, 0.9996652153900042, -0.004905757761023562, -0.4234498641411578], [0.013745221574424028, 0.005256177266427077, 0.9998917148793732, 0.3809913390324751], [0.0, 0.0, 0.0, 1.0]], [[0.99961743173442, 0.02489241245465561, -0.012056449513418195, 23.860269279074537], [-0.024962557019379803, 0.9996721202405507, -0.0057028730317383895, -0.44519067272772306], [0.011910538179969359, 0.00600165110192379, 0.9999110556766108, 0.3879471057355159], [0.0, 0.0, 0.0, 1.0]], [[0.9996272211780576, 0.024568013284854487, -0.01190929901673394, 24.86399043618198], [-0.024644030317107282, 0.9996765718433176, -0.006278811776265618, -0.4669080632416079], [0.011751189282973184, 0.006569964294232351, 0.9999093684527655, 0.3936624978075129], [0.0, 0.0, 0.0, 1.0]], [[0.9996082480160732, 0.024671497099308725, -0.01321619192942745, 25.8893745217482], [-0.024772084664792273, 0.9996649753681313, -0.0075020559577903285, -0.48795721988255547], [0.013026677227790114, 0.007826509637907255, 0.99988451904572, 0.3954206166946232], [0.0, 0.0, 0.0, 1.0]]], "velocities": [[4.939746836074141, 0.021561276447272418, 0.13297650382662185], [5.182130151147251, 0.01556913921361479, 0.17287837303006462], [5.406989001062981, 0.03511850874865181, 0.18793395322223017], [5.639668636901342, 0.05341866494160261, 0.1626726938940944], [5.880557826216549, 0.03972134184723836, 0.13587713802064708], [6.129704137825902, 0.03309228732015431, 0.15641599313353838], [6.383444923839828, 0.04595405275997116, 0.18525752092125028], [6.647759397890739, 0.05837177672944544, 0.1861256848580216], [6.897568086227198, 0.04998135389749594, 0.18013511670600577], [7.122927088069557, 0.052360813112693146, 0.1869398898505114], [7.336784457834058, 0.04825136082071524, 0.21401855375151993], [7.378214583521332, 0.05449252741937589, 0.217628607872589], [7.549812312869845, 0.0593462941742752, 0.21292499344348284], [7.7620988940811815, 0.058277362835735355, 0.21956704813675704], [7.980951500694689, 0.055077756415847605, 0.24653283026965167], [8.198357474798572, 0.05378814053357249, 0.27229137400758174], [8.414780203624261, 0.07225765165329338, 0.2877], [8.625720945879829, 0.07092635387562402, 0.29425796438023033], [8.828885487849384, 0.06026214080432271, 0.2991963688815774], [9.024700011183494, 0.05563721416169938, 0.27724598383520493], [9.216540962817758, 0.06610125433841017, 0.2664573921750948], [9.41402060281729, 0.0651444153053606, 0.24306506687647522]], "accelerations": [[2.6609287580764374, 0.14156727940299932, -10.09303130438929], [2.693633955606418, 0.19055663638747827, -9.974394642729418], [2.5924642467157812, -0.022013437283932957, -9.617623875259282], [2.558441554013781, 0.17013388646496436, -9.45307032162697], [2.6565936914383808, 0.266747459647617, -9.686375147223613], [2.7880947428653173, 0.2831260043392223, -10.065657106072528], [2.8535800157356412, -0.009947285601888275, -9.751292668621701], [2.8081616765610473, 0.1914804448894929, -9.75125424504685], [2.625176546742007, 0.2672480771523258, -9.46918367546432], [2.3855649476670724, 0.2709650478029707, -10.071602002717976], [2.3560924826550322, 0.2765072312424004, -9.724910142336029], [2.3703007653243686, 0.2531133156903416, -9.789505373959898], [2.4125788737095584, 0.11578002765658155, -9.581518589514342], [2.5222482869608758, 0.23905362515795245, -9.84012684595761], [2.5427675082850536, 0.20440560522614026, -10.124122759459267], [2.5313045800252727, -0.06727332093555541, -9.7782671792671], [2.4099219512195122, 0.034939024390243906, -10.051573170731707], [2.3251459194621273, 0.1832704312996209, -9.818848415707032], [2.2942372958538972, 0.21597014519705315, -9.677786112104524], [2.202654595522495, 0.06189943494742865, -9.585335376582504], [2.199313203633503, -0.0038991774551176556, -9.568420234604105], [2.2224812483608707, 0.1939313139260425, -9.796892132179387]], "angular_rates": [[0.31000868946943205, 0.19988265773976702, 0.1770655830949593], [0.4557600929791584, -0.09713034134563064, 0.1464459114672461], [-0.5964638452746468, -0.529695185405361, 0.17691781864153608], [-0.0391453131257052, -0.19872268560678813, 0.44463094481120025], [-0.7540015437394607, 0.2912534638958203, 0.19433772729857451], [0.1578896721087913, 0.1731827397922442, 0.12252780927821064], [0.1418246147279818, 0.06252960820126936, 0.43260518319543884], [-0.41273800176450537, 0.04889115542221581, 0.57296525370451], [-0.3512463100993455, 0.018212033771270855, 0.4809835275257154], [0.4854488635767359, 0.2110060958641336, 0.7567619673250665], [-0.10489106922899445, 0.07320852353014319, 0.4260506542094419], [-0.027004667618542408, 0.18740498305678305, 0.1375195560488772], [-0.4995014584408806, 0.5811489209650057, 0.02403786284015513], [0.5566400888116702, 0.9970615020605994, 0.133949317142218], [0.970141597170493, 0.876745064257757, -0.05250671950743266], [-0.37991561934955104, 0.16004832813387196, -0.373529768876161], [0.08341427022282644, -0.5684160565108838, -0.18875465704468367], [-0.27089949441850275, -0.8702865405022914, -0.08740157453832953], [0.6958633415511305, -1.406916847057542, -0.021682906991122207], [0.4978702847680681, -0.3078704557294459, -0.09291653408086156], [0.12131952034096458, -0.05471949800311171, -0.1272325710087309], [0.39747703600076634, 1.0764022708983934, 0.29549370401788566]], "timestamps": [1602701061.861991, 1602701061.973029, 1602701062.084067, 1602701062.195105, 1602701062.306143, 1602701062.417181, 1602701062.528219, 1602701062.639257, 1602701062.750295, 1602701062.861333, 1602701062.972371, 1602701063.00022, 1602701063.083409, 1602701063.194447, 1602701063.305485, 1602701063.416523, 1602701063.527561, 1602701063.638599, 1602701063.749637, 1602701063.860675, 1602701063.971713, 1602701064.082751], "origin_lat_lon": [50.09575212824747, 8.690747702992915]}