{"poses": [[[0.8325109858882309, -0.5538286591311082, -0.014116469121008753, 27.942345512287098], [0.5539340363401356, 0.8325466276792761, 0.004816235437561324, 9.777225002895712], [0.009085249546990158, -0.011829161631465277, 0.999888758400536, -0.15233081540119606], [0.0, 0.0, 0.0, 1.0]], [[0.830765983842849, -0.556445499177213, -0.014010229657118864, 28.690343784440827], [0.5565201120293246, 0.8308322002846116, 0.001794401599175125, 10.273778707563302], [0.010641663238939392, -0.009287702388284262, 0.9999002418180803, -0.1512218788241979], [0.0, 0.0, 0.0, 1.0]], [[0.8297598947684179, -0.5580461576679293, -0.009110595258514126, 29.445167365772374], [0.5580724637051463, 0.8297921105272708, 0.0004225645108269934, 10.778071291371909], [0.007324089566088351, -0.005434999425776077, 0.9999584083817035, -0.14123508412026528], [0.0, 0.0, 0.0, 1.0]], [[0.8288600973455333, -0.5594459383290264, -0.003343817505209447, 30.20787774509981], [0.5594495204904799, 0.8288644076086629, 0.0001668008165090183, 11.287497847212896], [0.0026782552763009696, -0.002008951640906078, 0.9999943955152846, -0.13161488534985738], [0.0, 0.0, 0.0, 1.0]], [[0.8280896266776291, -0.5605956365358424, 0.00032013415690046806, 30.977746104461342], [0.5605953552315075, 0.8280882825925225, -0.001626015321706019, 11.807115853997166], [0.0006464377501019046, 0.0015259521421329993, 0.9999986267932047, -0.12986933558468675], [0.0, 0.0, 0.0, 1.0]], [[0.8276334284277636, -0.5612634655490188, 0.002496074680648778, 31.751930047063556], [0.561268024422441, 0.8276154233534638, -0.0055601967948167375, 12.329417895465715], [0.0010549454186463882, 0.0060027716408458534, 0.9999814267389128, -0.12969798326247706], [0.0, 0.0, 0.0, 1.0]], [[0.8268995459006416, -0.5623288416955069, 0.004838882794855741, 32.53268266939297], [0.5623481906815792, 0.826847095673615, -0.00940174522426397, 12.855696462397754], [0.001285856316645127, 0.010495435841224752, 0.999944094637313, -0.12855987793489093], [0.0, 0.0, 0.0, 1.0]], [[0.8261268192393098, -0.5634265304581131, 0.008063703210929928, 33.320589426580675], [0.5634842214619252, 0.8260395837156539, -0.012005761046981532, 13.389848739432919], [0.00010342624864682813, 0.014462050712200934, 0.9998954137269601, -0.12318488410784059], [0.0, 0.0, 0.0, 1.0]], [[0.8256445127409793, -0.5640983981249607, 0.010204695662501923, 34.11273297531287], [0.5641875463682874, 0.8255652546641785, -0.011594085311120135, 13.930912471088059], [-0.0018844372216568323, 0.015329955124639198, 0.9998807135714911, -0.11622641227349897], [0.0, 0.0, 0.0, 1.0]], [[0.8258680157536048, -0.5637525183709973, 0.01118564193785512, 34.90837441200357], [0.5638573159531461, 0.8257892109474347, -0.011709241176398126, 14.4792040368523], [-0.0026358682283940922, 0.015977393816624264, 0.9998688789463902, -0.11161765383331199], [0.0, 0.0, 0.0, 1.0]], [[0.8266194879247084, -0.562650692877558, 0.011154370779954997, 35.71018834642087], [0.5627588433693981, 0.8265115081469361, -0.013461467609975563, 15.03140400093267], [-0.0016451117378691654, 0.017404732261113935, 0.9998471727730638, -0.10513887542398936], [0.0, 0.0, 0.0, 1.0]], [[0.8268677342008987, -0.5622892698016825, 0.01097848820934649, 35.89516284885966], [0.5623951915561066, 0.8267493957186312, -0.014038703410514953, 15.15825788493273], [-0.0011826462033204858, 0.017782399859662807, 0.9998411811898872, -0.10391202329938881], [0.0, 0.0, 0.0, 1.0]], [[0.8279012286163712, -0.5607980871380449, 0.009222858440468776, 36.52124367410111], [0.5608729897251361, 0.8277579441949154, -0.015436165942186905, 15.587282555752289], [0.001022277990840696, 0.01795247293598015, 0.9998383187611847, -0.09990961099833036], [0.0, 0.0, 0.0, 1.0]], [[0.8297522077928686, -0.5580819812278479, 0.007468325894081613, 37.338518650473866], [0.5581201949799148, 0.8295736022769069, -0.01759222444428833, 16.147942210476977], [0.00362237745714222, 0.01876541057681429, 0.9998173521936102, -0.0933602195653615], [0.0, 0.0, 0.0, 1.0]], [[0.8321726034490018, -0.5544660832207512, 0.007491370151687812, 38.16106956756043], [0.554502324546173, 0.8319778650233008, -0.01843920237322543, 16.710467157763397], [0.003991258172696577, 0.019498581207596725, 0.9998019179763008, -0.0828968027877368], [0.0, 0.0, 0.0, 1.0]], [[0.8353168859281526, -0.5497033133740367, 0.008483357171507217, 38.99430744076082], [0.5497615821530158, 0.8351276083181982, -0.018002239120149168, 17.270533605676132], [0.002811204707347844, 0.01970139818215391, 0.9998019564082486, -0.06926683635199922], [0.0, 0.0, 0.0, 1.0]], [[0.8397167650213184, -0.54295332694077, 0.008799960572703233, 39.83842234939379], [0.5430199348520726, 0.8395318010783155, -0.01776809870106276, 17.82914807706701], [0.00225940155413429, 0.019698724378726024, 0.999803408357097, -0.060175090661839556], [0.0, 0.0, 0.0, 1.0]], [[0.8449777882548692, -0.5347574664072979, 0.006854887129416415, 40.69201146176179], [0.5347850798766828, 0.8447824561811935, -0.018641890187422776, 18.382654546648645], [0.004178001579636021, 0.01941787450050925, 0.9998027257677802, -0.056502468855924776], [0.0, 0.0, 0.0, 1.0]], [[0.850381105645428, -0.5261472050044698, 0.004592801676947981, 41.555048872974815], [0.5261383228630532, 0.8502104308227798, -0.01790777861703585, 18.929664970461744], [0.005517279774750692, 0.01764488555156053, 0.999829094214486, -0.05559363528809712], [0.0, 0.0, 0.0, 1.0]], [[0.8561991812213311, -0.5165745707778595, 0.008583408506683824, 42.42981739970143], [0.5166379533359502, 0.8559758699866412, -0.01976196279353977, 19.470923368712917], [0.0028613368838414093, 0.021354690966694678, 0.999767868019849, -0.053323383421341554], [0.0, 0.0, 0.0, 1.0]], [[0.8620029282000689, -0.5066740478265679, 0.015243393111367876, 43.32051287757531], [0.5068744845499304, 0.8618847296264358, -0.015263346586117561, 20.003152208545966], [-0.005404506152212766, 0.020883536477482412, 0.9997673075358308, -0.04865261720985443], [0.0, 0.0, 0.0, 1.0]], [[0.8678692335699345, -0.49645410635088866, 0.018338857927226167, 44.2211409063569], [0.4966839896588677, 0.8678601594729103, -0.011124658026411546, 20.528963059081356], [-0.010392682006312161, 0.01876336555619125, 0.999769937672523, -0.0478355077268991], [0.0, 0.0, 0.0, 1.0]]], "velocities": [[8.008797804882084, 0.01706737041578629, -0.07051301766683357], [8.101609395832787, 0.0057178994116313135, -0.0074159478339651435], [8.180071966882347, 0.003570154211666045, 0.04218827694728561], [8.256189281570427, -0.0016690033156030047, 0.009866824023078941], [8.326164525049109, 0.006012721408428846, -0.06150031948120068], [8.396363616958318, -0.006969029440862307, -0.09755975728965502], [8.4695016023747, -0.013597603315909009, -0.07955919938964785], [8.544296872811806, -0.006611537888349888, -0.04728197553823046], [8.61801196553021, 0.012739344710645228, -0.06740917912404931], [8.693354951587196, 0.021954952623199717, -0.10000766754881625], [8.76570433609712, 0.011054100558563977, -0.11077970579119281], [8.782345500477533, 0.011815885123483801, -0.1131160932694371], [8.840362002893304, 0.01861222824434112, -0.10967558829840499], [8.915461845516905, 0.0267413905486484, -0.09771446725317694], [8.982980560445876, 0.02164772742567279, -0.04996937510430823], [9.05466517268558, 0.02935216502092592, -0.026118038766897937], [9.124489695044275, 0.04710982805687127, -0.060515275492930884], [9.189895228437388, 0.05431099714428725, -0.07680828505352502], [9.253084386282596, 0.04827161224630513, -0.06627652766850249], [9.320373550271134, 0.031312043950917925, -0.02067221944066948], [9.385937301604308, 0.03923736629093365, -0.019113315690341658], [9.444508495616706, 0.07644703887145536, -0.09146490952006295]], "accelerations": [[1.1029523067019527, -0.06544373793004793, -10.012236048923539], [0.8134930882388004, -0.1010618076913907, -10.641777431275779], [0.7893799895095726, -0.016173905061631265, -9.81447170207186], [0.6668978232362969, -0.12282168895882509, -9.192355100970365], [0.651747678992919, -0.032545931383067495, -9.186053439191284], [0.6788990487089622, 0.1605792051116992, -9.888781601220705], [0.7665782180578404, -0.27464650358820303, -10.147143807071503], [0.7173163960613214, -0.3192672603294948, -9.942352545120759], [0.6755782275945927, -0.30864374985098825, -9.419376959206543], [0.65963865960947, -0.10688655317931478, -9.62728685358701], [0.6719060129222993, 0.06896286865507952, -9.739940588417614], [0.6881083971103641, 0.05685684858021601, -9.720903468993635], [0.6794807357604368, -0.20548117445104072, -9.979691910449896], [0.7299382686026274, 0.08275046610876666, -10.260876537205256], [0.7189984025939966, 0.1939497127053382, -9.999238936175285], [0.6672584149917745, 0.2055230670195265, -9.771854276041296], [0.6842651550914336, 0.3947479341010419, -9.411674715685574], [0.673487220751973, 0.7126357890470401, -9.883202739432088], [0.7301818897074601, 0.5948324940991345, -9.96032350571013], [0.7597494218343943, 1.0611717664449372, -10.283381529695063], [0.597991784087929, 0.450012259495029, -9.33144660610829], [0.5256542879622345, 0.9017231313926043, -8.203861683713612]], "angular_rates": [[0.828892358126914, 1.8170966536702473, -1.9411416269949164], [1.1449524233871005, -0.38560343748444853, -1.2524625721322202], [2.3629931998414833, -2.3573773719690934, -0.7808226156980228], [1.3428531905660834, -1.9560319316992876, -0.9210561773226386], [2.068549091994327, -0.12984140523133048, -0.5078899632699334], [2.598053537355022, 0.2726523685180091, -0.5506710715204709], [2.399489763081013, -0.19208456868601284, -0.67670528469648], [1.2815338793795912, -0.9902391064602754, -0.6771836033002161], [0.4649867857621352, -0.6824397667282891, -0.13069733803364092], [0.3775827523533595, -0.03296255169077718, 0.4780171188986777], [0.6468604304671364, 0.8790412257823439, 0.8264124096968677], [0.669523907671407, 1.2743548519418337, 1.0160606339220795], [0.7687391525891246, 1.4902682794800775, 1.4383330287851164], [-0.12598248127390002, 0.9420824839422862, 1.8793698016839815], [0.774859718262156, -0.32976675169412123, 2.547428017663603], [-0.25905114030543225, -0.7647751802220775, 3.4546185152571796], [-0.13856663870759434, 0.6309073199935844, 4.6665641070456925], [-0.09369785382552223, 1.282768423589046, 5.270175724782647], [0.7236293027805887, -0.010912917833000635, 5.468295249468992], [1.0531385287766482, -2.891917242493753, 6.08425209073423], [-1.4484987641914842, -4.143768375508359, 5.785967746345034], [0.06909843961702822, -0.32643627997674596, 5.9970473624355085]], "timestamps": [1587735263.6399, 1587735263.750881, 1587735263.861862, 1587735263.972843, 1587735264.083824, 1587735264.194805, 1587735264.305786, 1587735264.416767, 1587735264.527748, 1587735264.638729, 1587735264.74971, 1587735264.775134, 1587735264.860691, 1587735264.971672, 1587735265.082653, 1587735265.193634, 1587735265.304615, 1587735265.415596, 1587735265.526577, 1587735265.637558, 1587735265.748539, 1587735265.85952], "origin_lat_lon": [58.41044567722712, 15.636105943236874]}