{"poses": [[[0.9999998169578567, -0.0005502132699506855, 0.0002516934857642763, 0.015362870128711842], [0.0005502977879799997, 0.9999997921880253, -0.0003358515309886489, -0.002869530462077966], [-0.00025150864349027274, 0.0003359899758821299, 0.9999999119270653, 0.022463153857679427], [0.0, 0.0, 0.0, 1.0]], [[0.9999998325802815, -0.0005264023085148512, 0.0002402915284996868, 0.017588872623985435], [0.0005264904544024345, 0.9999997940912315, -0.0003669131995671343, -0.0034163396164951206], [-0.00024009833506627738, 0.0003670396493346586, 0.999999903817338, 0.022751905164406196], [0.0, 0.0, 0.0, 1.0]], [[0.9999996614098268, -0.0007838084162446076, 0.00025064835628897924, 0.020508016527107476], [0.0007839049557383452, 0.999999618521058, -0.00038529308174247047, -0.00458614120123211], [-0.00025034626471171894, 0.0003854894357746618, 0.9999998943623157, 0.021334326883789834], [0.0, 0.0, 0.0, 1.0]], [[0.9999997419198811, -0.0007154350598815916, 6.56722647552215e-05, 0.02402189577324304], [0.0007154665922821718, 0.9999996281870867, -0.0004813867922579664, -0.004798664784129547], [-6.532783934888013e-05, 0.00048143365433307765, 0.999999881976948, 0.01977836890337761], [0.0, 0.0, 0.0, 1.0]], [[0.9999992669206017, -0.0005050901137871485, -0.001100473641712368, 0.03022709064639263], [0.000504589370812041, 0.9999997690661542, -0.00045525509906614906, -0.005161342313810242], [0.001100703332425547, 0.0004546994780255481, 0.9999992908500279, 0.01700117113733724], [0.0, 0.0, 0.0, 1.0]], [[0.9999939533505892, 9.309316373216281e-05, -0.003476290540577121, 0.048474807017410075], [-9.414846069928457e-05, 0.9999999495399978, -0.0003034074308683883, -0.006351192789226455], [0.0034762621200058533, 0.000303732883673364, 0.9999939116554702, 0.013595868979912636], [0.0, 0.0, 0.0, 1.0]], [[0.999979958387502, 0.0010957641159259962, -0.006235553249879776, 0.0791527816909446], [-0.0010966997048502932, 0.9999993878754332, -0.00014662372387536188, -0.007975821408701452], [0.006235388767929277, 0.0001534593147082264, 0.9999805479993856, 0.011119283479690023], [0.0, 0.0, 0.0, 1.0]], [[0.9999566355735793, 0.002948937929142107, -0.0088335008608213, 0.1292778682254584], [-0.0029475660017830034, 0.9999956417512659, 0.00016832450537321013, -0.008894958216076877], [0.008833958740745655, -0.00014227987926350427, 0.9999609697030193, 0.008649956270119061], [0.0, 0.0, 0.0, 1.0]], [[0.9999230913576066, 0.006257099183677783, -0.010707944697893617, 0.20457912849723542], [-0.006246102951607288, 0.9999799310365477, 0.0010600575735278377, -0.00916958462336737], [0.0107143626859208, -0.0009930931209558378, 0.9999421064233107, 0.007069582902025608], [0.0, 0.0, 0.0, 1.0]], [[0.9998709334891702, 0.011327690139940328, -0.011392971499517658, 0.3015344435763019], [-0.011305006303246844, 0.9999339878599608, 0.0020534738759862307, -0.011876603549066268], [0.011415480540865202, -0.0019244112266632186, 0.9999329894775209, 0.007965389323324832], [0.0, 0.0, 0.0, 1.0]], [[0.9997650171866559, 0.01847372810327513, -0.011341595114089437, 0.42371270004677186], [-0.018444119878888176, 0.9998262209777723, 0.0027096655144110892, -0.01656781626915869], [0.011389681806744061, -0.002499843049683213, 0.9999320106552585, 0.010969089663222268], [0.0, 0.0, 0.0, 1.0]], [[0.9997251136383442, 0.02053298857251564, -0.011317841714781552, 0.4565840439302749], [-0.020502949694080792, 0.9997859723323963, 0.0027637983296326433, -0.017381438122046382], [0.011372168423036115, -0.002530989459841725, 0.9999321316357987, 0.011255894048444588], [0.0, 0.0, 0.0, 1.0]], [[0.9995248647085624, 0.02865648328617398, -0.011351246407297743, 0.5698436778085136], [-0.028625367499326985, 0.9995860200967558, 0.0028942637503705086, -0.02254062389357685], [0.01142948664019662, -0.0025679549835356664, 0.9999313838670852, 0.013430315770361247], [0.0, 0.0, 0.0, 1.0]], [[0.9991364896490231, 0.03985087304917618, -0.0117551252245982, 0.7412771134984167], [-0.039821263657360974, 0.9992030557084282, 0.0027423390874783565, -0.03259986457702279], [0.011855041651486639, -0.002271867108396411, 0.9999271456497635, 0.0167103339443337], [0.0, 0.0, 0.0, 1.0]], [[0.9985623195116351, 0.052029614287132556, -0.012892373275524243, 0.9413002726647595], [-0.05199928718862652, 0.9986435346895068, 0.0026767059461959143, -0.04527213628995353], [0.013014153196346712, -0.002002463477787019, 0.9999133072204821, 0.018610969201949615], [0.0, 0.0, 0.0, 1.0]], [[0.9976903844573491, 0.06597594105564973, -0.016157721472046013, 1.1761559308253628], [-0.0659326150051459, 0.9978189459985384, 0.003200200766994583, -0.06225709690859737], [0.016333616866144388, -0.0021274887043867406, 0.9998643341733331, 0.017554120182488496], [0.0, 0.0, 0.0, 1.0]], [[0.9963492657178146, 0.08278639619999578, -0.02084594223797834, 1.4527399152950224], [-0.08270878496479131, 0.9965633280702746, 0.004559609100160114, -0.08387023859708402], [0.021151775178923363, -0.002818820624955383, 0.999772302405435, 0.013942219590674026], [0.0, 0.0, 0.0, 1.0]], [[0.9943998146694022, 0.10266538525724225, -0.02507642828316216, 1.7782188021097771], [-0.10250749552586302, 0.9947039117604171, 0.007506083502041143, -0.11256237955156176], [0.025714236260751044, -0.0048935261832819, 0.9996573570254059, 0.011466223405810392], [0.0, 0.0, 0.0, 1.0]], [[0.9917279153175417, 0.12524288616784157, -0.028106252761119846, 2.1535637661257145], [-0.12502047481232387, 0.9921082696203735, 0.009542653120040216, -0.15233441367786324], [0.02907959521079985, -0.005949858419945523, 0.999559391095476, 0.009570181624511308], [0.0, 0.0, 0.0, 1.0]], [[0.9881114555737975, 0.151049724898389, -0.028630961771343454, 2.5764125735381733], [-0.15077345579586857, 0.9885004360348482, 0.011586759093301941, -0.2076844505474652], [0.03005189496857724, -0.007132220344040662, 0.9995228937056728, 0.012361265833378819], [0.0, 0.0, 0.0, 1.0]], [[0.9834191314014283, 0.17933327273094732, -0.02695161006819086, 3.0450425220680266], [-0.17904543207084964, 0.9837580813162418, 0.012758162075684724, -0.2827926055288168], [0.028801827168131344, -0.007721057997084223, 0.9995553211379462, 0.02020400065381668], [0.0, 0.0, 0.0, 1.0]], [[0.9774957358523403, 0.2095166503180248, -0.02459389416107883, 3.556468113488726], [-0.20925191528397308, 0.9777764927337966, 0.012913799099591616, -0.3806689128681436], [0.02675298750571222, -0.00747686409600753, 0.9996141126268722, 0.02613159150036257], [0.0, 0.0, 0.0, 1.0]]], "velocities": [[-0.0005767127391269696, 0.011496695394658312, 0.00715687957466085], [0.001088396213224615, 0.011528031266339465, 0.006547559783515724], [0.0037426043155627843, 0.011780759867294965, 0.0068000000000000005], [0.011277135768009058, 0.019235825323964503, 0.002218122213480199], [0.07592059922791575, 0.020065952878141165, -0.015486393438714448], [0.19010207451423058, 0.018995583846640848, -0.019441122475740886], [0.3516523800480312, 0.018723212521380265, -0.011513451589061346], [0.5611927048644018, 0.02641076217593663, -0.004250153780130177], [0.7791089641160169, 0.030787786327998824, 0.0027237679708175385], [0.9996881404697261, 0.02811581356682324, 0.012251012087833489], [1.222642025032068, 0.026075571158138116, 0.014354717116086118], [1.275276968745388, 0.026967298288990176, 0.012811897098443126], [1.444637945292344, 0.028684458089613975, 0.011154359487876403], [1.6751658108464145, 0.03394436006329072, 0.015854960303268724], [1.965627440391996, 0.027343529450337297, -0.002328402832415421], [2.326907469062847, 0.038947683502213816, -0.026919197482297402], [2.7363789348237506, 0.05997097618228931, -0.02347080323295902], [3.196721041610815, 0.06400681074472422, -0.021669844789356987], [3.647719214221657, 0.06862387264842315, 0.01747339722957347], [4.107464229401311, 0.08375035647226739, 0.041565710607252705], [4.533106982797476, 0.06950896051086007, 0.07290201225472666], [4.9625971478461635, 0.0641571521814263, 0.04775358701094343]], "accelerations": [[0.14773304723076558, -0.09058894213575568, -9.804999141692297], [0.17033052714398111, -0.06348411415492454, -9.803764690174763], [0.17282048017547624, -0.10417936008392342, -9.797550239610901], [0.3282775528693703, -0.07708225448823404, -9.712310797987746], [1.0201314855875832, -0.09251960041008035, -9.665947848270271], [1.3496887490165224, -0.07083270390768423, -9.840400891686336], [1.9189859571322985, -0.07245580192165559, -9.872452919438286], [2.2917258565195624, -0.13785820518322484, -9.741216717926712], [2.280833631356842, -0.04479768972176525, -9.790492439739648], [2.314581188756169, 0.04923220084400257, -9.86995864387383], [2.3058042557756955, 0.028192940419140264, -9.744425012516988], [2.2203450802279283, 0.08632437355458598, -9.66928672007248], [2.280786453043416, 0.023275688434303696, -9.684261569272586], [2.586153758672484, 0.19966011014948862, -9.756712695801445], [3.2406328874901655, 0.18235940204563336, -9.445308418568057], [3.808895093340963, 0.09014079107359989, -9.495631249552966], [4.263284521851084, 0.34790320434875904, -9.777910378370645], [4.606647671840355, 0.5477554323725056, -9.614502882483372], [4.765061206875999, 1.1159325489354601, -10.094316219631404], [4.155093576997354, 0.9881330663042701, -10.061014927401475], [4.186137148034238, 1.468345511765968, -9.644313456357438], [4.146598276232029, 1.2794918961447679, -9.206758758314857]], "angular_rates": [[-0.05017250013249574, -0.03725845790766548, -0.01888084653262806], [-0.00308905162073584, 0.025908653437946565, 0.031987486615349975], [0.029826808852346905, -0.029593038574873342, 0.0089152221994043], [-0.0327425237670194, 0.27905842271023173, 0.004553527537689679], [-0.03116649709415782, 0.960964696514051, 0.1457787789340271], [-0.16350168873199006, 1.4143863627177313, 0.35868765803253505], [-0.044293914632149836, 1.4412920608008155, 0.6257634996241184], [-0.3348059744468856, 1.1991971408278403, 1.2361784703758314], [-0.44092669746522495, 0.6706064253853317, 2.181582478479147], [-0.5355160420917875, 0.0709716481040917, 3.109986716922326], [-0.15555802088743148, -0.04161511188496545, 4.225525831503776], [-0.15496444956172695, -0.10592257904155254, 4.631703676201042], [-0.27344208940336084, 0.13612589560077296, 5.325163512872219], [0.06558319744601493, 0.17295821759972646, 5.992017619994353], [-0.17843465483860188, 1.0159285515979462, 6.583812493763863], [-0.25034591930252187, 2.2249142917472775, 7.834157131497669], [-1.4421690306058323, 2.5213288290868614, 9.34857252962806], [-1.11922033050758, 2.31667544358666, 10.756995489475443], [-0.9766076614619934, 0.7767521332594824, 12.469245333584729], [-1.5070943982451495, -0.023153707669279242, 14.50586522785367], [-0.5204895979270472, -1.369652501521197, 14.56966261599659], [-0.27829663732522675, -1.0247592159747851, 14.90548716386541]], "timestamps": [1618476091.974312, 1618476092.085244, 1618476092.196176, 1618476092.307108, 1618476092.41804, 1618476092.528972, 1618476092.639904, 1618476092.750836, 1618476092.861768, 1618476092.9727, 1618476093.083632, 1618476093.109881, 1618476093.194564, 1618476093.305496, 1618476093.416428, 1618476093.52736, 1618476093.638292, 1618476093.749224, 1618476093.860156, 1618476093.971088, 1618476094.08202, 1618476094.192952], "origin_lat_lon": [50.042959119206145, 19.935287140346933]}