{"poses": [[[0.999486117758807, -0.02608244504026284, -0.018633477081583177, 36.45190176822908], [0.026359128792889406, 0.9995435546148699, 0.014760716688242963, 0.3545591811349018], [0.018239976335184375, -0.015244293640322398, 0.999717417460904, 0.5690378521867302], [0.0, 0.0, 0.0, 1.0]], [[0.9994706890595852, -0.02624141417597187, -0.019228361677556236, 37.51017604082368], [0.02649521787150579, 0.9995635498378477, 0.013065728663264622, 0.37769085174609707], [0.01887710625862055, -0.01356827246209763, 0.9997297419011275, 0.5877276157605335], [0.0, 0.0, 0.0, 1.0]], [[0.9994365028849757, -0.026680299843438466, -0.02036757966264562, 38.571307780179595], [0.026928664036314862, 0.9995651036144654, 0.012018764055520928, 0.40146916083648276], [0.020038057647119408, -0.012560463226617748, 0.9997203163931718, 0.6050963147128791], [0.0, 0.0, 0.0, 1.0]], [[0.9994439665068119, -0.02718882593619884, -0.01930092115267452, 39.63514964490555], [0.027407096503858724, 0.9995623267727113, 0.011135796242378065, 0.42587187599598275], [0.018989704430528987, -0.011658586575338702, 0.9997517034167566, 0.6224415364384545], [0.0, 0.0, 0.0, 1.0]], [[0.9994911673084926, -0.02763819997850671, -0.015922825573838586, 40.705935892637314], [0.02779815252467973, 0.999564400107306, 0.00991326153878092, 0.4506640043014627], [0.015641904887879168, -0.010350842481155963, 0.9998240799617745, 0.6417613120589853], [0.0, 0.0, 0.0, 1.0]], [[0.9995259613572511, -0.028003599647519334, -0.012792614261529134, 41.78219677957975], [0.028113574753609663, 0.9995686009253606, 0.008499350486381762, 0.47656277244524964], [0.012549083131289907, -0.008854967583148543, 0.9998820480745043, 0.6586855157280632], [0.0, 0.0, 0.0, 1.0]], [[0.9995074266425878, -0.02861665173769335, -0.012883762246931604, 42.86459673449658], [0.028706197158540565, 0.9995646276547377, 0.006819779038985096, 0.5073920388197022], [0.012682993771459698, -0.007186263616731235, 0.9998937439969429, 0.6696800043075418], [0.0, 0.0, 0.0, 1.0]], [[0.9994555069998902, -0.02931372757711233, -0.0151457882966637, 43.950570162917415], [0.02938693623579917, 0.9995573698972384, 0.004633817302002904, 0.5374433721330635], [0.01500324985680052, -0.005076382535833144, 0.9998745585492633, 0.6792353163776732], [0.0, 0.0, 0.0, 1.0]], [[0.9994028222660377, -0.02989120751799596, -0.01733535577352816, 45.04041855583029], [0.02994382399035514, 0.9995477072731375, 0.002783575012268729, 0.5679646384875189], [0.01724431069986058, -0.0033009995653433015, 0.999845856695099, 0.6917318770156754], [0.0, 0.0, 0.0, 1.0]], [[0.9994074262451239, -0.029741796494596913, -0.01732691280555024, 46.13818109545256], [0.02977733698270995, 0.9995549419161789, 0.0017967451578734285, 0.5980994465139432], [0.017265762894100343, -0.002311629775329574, 0.9998482633877335, 0.7107547897316996], [0.0, 0.0, 0.0, 1.0]], [[0.999463709421507, -0.029187032594283548, -0.01484623446337976, 47.23954318135491], [0.02921514962634976, 0.999571733776187, 0.0016804963485749513, 0.6284612353588505], [0.014790827620907854, -0.0021133300754515288, 0.999888376397226, 0.7328320437017946], [0.0, 0.0, 0.0, 1.0]], [[0.9994787384042716, -0.029085342166808997, -0.014010508514870243, 47.5389333595362], [0.02911202230872545, 0.9995747026888553, 0.0017040837957347503, 0.6364322713180927], [0.013954986022991238, -0.0021110697587376215, 0.999900395914299, 0.7390682367640858], [0.0, 0.0, 0.0, 1.0]], [[0.9995177210249684, -0.02875412207891144, -0.011727140338738857, 48.34371571554687], [0.028773716941681897, 0.9995848170355213, 0.0015055781027330428, 0.6595022067954187], [0.01167897985328284, -0.0018422854107110781, 0.9999301012641094, 0.7570813431113896], [0.0, 0.0, 0.0, 1.0]], [[0.9995344565353853, -0.0286735101841574, -0.010425929801749707, 49.45120554934936], [0.02868506895914112, 0.9995880370008704, 0.0009607827828579773, 0.6921945048773149], [0.010394085689530824, -0.0012594040120388584, 0.9999451869398708, 0.776987144258706], [0.0, 0.0, 0.0, 1.0]], [[0.9995153792679281, -0.02911644484649678, -0.011010869465699681, 50.56015796535977], [0.02910735889320621, 0.9995758061703447, -0.0009845695341736398, 0.7181950614185774], [0.0110348658873525, 0.0006635950621008467, 0.9999388938212384, 0.7915299280520827], [0.0, 0.0, 0.0, 1.0]], [[0.9994892482961424, -0.029949251037637323, -0.011148313894788866, 51.67242960835879], [0.029932677334506382, 0.9995505541881369, -0.001650590735685845, 0.7427450338450209], [0.011192737288102972, 0.001316048811018713, 0.9999364933072132, 0.8065407272421435], [0.0, 0.0, 0.0, 1.0]], [[0.9994845245093869, -0.030750613142017384, -0.009224156201777405, 52.78584438508858], [0.03074527142916349, 0.9995269928017558, -0.0007203786683491732, 0.7734253863990206], [0.009241945195242404, 0.0004364081446730307, 0.9999571970824248, 0.8232952156562336], [0.0, 0.0, 0.0, 1.0]], [[0.9994869314595574, -0.031414044773326454, -0.006247530114978954, 53.899973483423096], [0.03142091671465596, 0.9995057360090436, 0.0010048272641453352, 0.8070068191968081], [0.006212876497145382, -0.0012006148423025817, 0.9999799791443985, 0.8367071615423594], [0.0, 0.0, 0.0, 1.0]], [[0.9994743517458256, -0.032108362233598586, -0.004480321075313289, 55.015179736642224], [0.032120206457504144, 0.9994806386661671, 0.002597165492981529, 0.8433531296557906], [0.004394603439354362, -0.0027397091354093113, 0.9999865906373265, 0.8466790563956511], [0.0, 0.0, 0.0, 1.0]], [[0.999449649174642, -0.032706065616358436, -0.005541844150053088, 56.129681322990265], [0.03272846830138001, 0.9994562712427296, 0.0040011543615444956, 0.8800444089992941], [0.00540796887293054, -0.004180328393535436, 0.9999766390907298, 0.8527816007821456], [0.0, 0.0, 0.0, 1.0]], [[0.999410340896559, -0.03324016664639322, -0.008605918332384197, 57.24531192604252], [0.03329132032130623, 0.9994284488964599, 0.005870564511224948, 0.9160663720906472], [0.008405861067602827, -0.006153605263280971, 0.9999457358486888, 0.8557968636071591], [0.0, 0.0, 0.0, 1.0]], [[0.9993764132740313, -0.033233931975193004, -0.011928552175383545, 58.360579722784635], [0.03331756939883991, 0.9994211170640966, 0.0068826111111027636, 0.954586195287596], [0.01169291071060109, -0.0072757495711049, 0.9999051651568225, 0.8626244751431166], [0.0, 0.0, 0.0, 1.0]]], "velocities": [[9.568593057853496, -0.027166100822704355, 0.11878433588441456], [9.601936633615944, -0.030041881040502816, 0.09706186968028038], [9.637036070203077, -0.027636424824464427, 0.09882017499940396], [9.669684278435703, -0.0252474251120193, 0.12568532293827336], [9.70517449189546, -0.024494963580145246, 0.13702226593233674], [9.741539376285743, -0.025195395864598343, 0.0959179529361276], [9.776849472187683, -0.0331055027912325, 0.041382268793362424], [9.810334984725394, -0.04034684660453605, 0.032178148916386526], [9.839868693819948, -0.03429799583138628, 0.06304144195694157], [9.871607389436114, -0.021688649490108583, 0.10226968028038051], [9.900421146851754, -0.015186136160732054, 0.11202728226402499], [9.908834586174454, -0.01667491297068945, 0.10900954152063515], [9.92927739495324, -0.01794656277856072, 0.09420896931549962], [9.959663855884548, -0.025753345800256275, 0.04481507522113345], [9.98393081928802, -0.035413145909859806, 0.0189], [9.994119770190531, -0.02899273694843847, 0.04094607920272751], [10.005806198380425, -0.013281922254756443, 0.06177435805736357], [10.012119488776703, -0.010303974013129545, 0.03697333524068379], [10.012795953081122, -0.00736038936159842, 0.014176046062513412], [10.016820744237776, -0.008171628721506933, -0.032778234747156854], [10.016983220023123, -0.005905392057027801, -0.021627272727272728], [10.016038829728172, -0.0073470261223797725, 0.018346742007009514]], "accelerations": [[0.49404003051760725, 0.23181369477624394, -9.617004839901771], [0.5381783944877573, 0.12380654459623776, -9.641345354409557], [0.5248561428605488, 0.07154889731302005, -10.087791676799466], [0.539172386333834, 0.15176412273800158, -10.074199194144434], [0.5135849724626279, 0.11937466561762393, -9.730042486231314], [0.45676033187897863, 0.12547390506163128, -9.236610631094582], [0.4245087118231886, 0.2590750804663472, -9.536202689364139], [0.49344971032115015, 0.031081992227546908, -9.916970648260737], [0.4249921464845147, -0.01992478363493312, -10.235295436664044], [0.5392873828767614, 0.02544448179672413, -9.901350017881411], [0.44592356769902014, 0.11543444913334765, -9.727725424981523], [0.4563672627136829, 0.20265620484943855, -9.612840526428725], [0.38075808597382166, 0.0017456977326371532, -9.508039038695374], [0.31076228691319174, 0.12817353551248123, -9.386585651956226], [0.3281866390100851, 0.07070266790644446, -9.790883584865176], [0.1937598741148702, -0.09498106477838972, -10.067092551796485], [0.1817074148248814, -0.013935696063705507, -9.698959349593496], [0.11676693369572994, -0.13678357056004578, -9.687710678778343], [0.05276996161457216, 0.05211596929165773, -9.335221677037884], [0.099529675988842, 0.062188291252413985, -9.669045826478794], [0.12352727272727274, 0.06056666666666667, -10.037448484848486], [0.11389426364351621, 0.12993888133896, -10.247021815320792]], "angular_rates": [[0.7248971920053716, -0.09480640824539352, -0.09878763368673803], [0.5921660539237498, 0.589660191731279, -0.1335404479681947], [0.6920501116028246, 0.06926131246330398, -0.27918374314063804], [0.38897792298281014, -1.1906216252409652, -0.313916462986393], [0.7767865164645547, -2.0035558731910865, -0.15150744163911373], [0.8155797193423688, -0.9210816676129305, -0.17177248196862827], [0.9663854676581035, 0.8766940290356077, -0.41394305318899727], [0.7697968630323259, 1.3449983774452756, -0.4165015078882332], [0.8309917417138507, 0.8144748122469927, -0.03942347967512343], [0.4229139551436159, -0.7259526894651711, 0.1906862227236695], [0.12329143881605027, -1.5846346045571726, 0.2987518576233609], [0.14623713970597524, -1.6855641739499574, 0.2345394804510836], [0.3277498085690879, -1.30260764219885, 0.19743127318807027], [0.6899981022531508, 0.109892357074931, -0.0739115555718762], [0.9434762126923473, 0.2567467279044594, -0.25668496927508655], [-0.3027349408779314, -0.3413128969689665, -0.5169563923413856], [-0.5877127526775241, -1.664038525384259, -0.32014125744555905], [-0.8899572172034022, -1.2366722525425957, -0.32932328074876377], [-0.6784473944075887, -0.4962076102327619, -0.29394696522411623], [-0.7312206554713858, 1.3339887713621752, -0.3074472431444866], [-0.7886156367465795, 1.6147339655380857, -0.1667828054553542], [-0.6453436215908535, 1.5709098727462414, 0.15279793881160994]], "timestamps": [1595854877.750087, 1595854877.861151, 1595854877.972215, 1595854878.083279, 1595854878.194343, 1595854878.305407, 1595854878.416471, 1595854878.527535, 1595854878.638599, 1595854878.749663, 1595854878.860727, 1595854878.890907, 1595854878.971791, 1595854879.082855, 1595854879.193919, 1595854879.304983, 1595854879.416047, 1595854879.527111, 1595854879.638175, 1595854879.749239, 1595854879.860303, 1595854879.971367], "origin_lat_lon": [45.44837037611957, 9.141756079000274]}