{"poses": [[[0.9929605206152803, -0.11707828341744034, 0.0179465888529537, 8.916319801837936], [0.11690600367948831, 0.9930888510557144, 0.01036919536572103, 0.7517615155118312], [-0.01903656489818778, -0.008198137646230235, 0.9997851767935002, 0.037085789336910834], [0.0, 0.0, 0.0, 1.0]], [[0.9929934556581445, -0.11679063031318011, 0.017998491357519658, 8.9727257976382], [0.11662088751977019, 0.9931240024214848, 0.010211973777471675, 0.7558266502959544], [-0.01906739662874101, -0.008041423094251099, 0.999785862022674, 0.041628234551495336], [0.0, 0.0, 0.0, 1.0]], [[0.993027131685146, -0.11648872818273544, 0.01809673847798179, 9.026066910502147], [0.11632476641947247, 0.9931622209882073, 0.009866687348166384, 0.7613997494328245], [-0.019122354839999734, -0.007692789360178271, 0.9997875557023267, 0.046454178642658224], [0.0, 0.0, 0.0, 1.0]], [[0.9930496796043454, -0.11631050717959339, 0.01800554795979769, 9.077494862293998], [0.1161459085978578, 0.9931824648547055, 0.00993576474710092, 0.7670218210502308], [-0.019038428340723917, -0.007775437271139712, 0.9997885180484709, 0.05032853105670808], [0.0, 0.0, 0.0, 1.0]], [[0.9930736888672571, -0.11609640099042164, 0.01806306055599449, 9.123773559403688], [0.11593158873826988, 0.9932076419862973, 0.009922027647601578, 0.772775602792189], [-0.019092281482288986, -0.0077592252893145955, 0.9997876170520971, 0.0521624819352815], [0.0, 0.0, 0.0, 1.0]], [[0.9930954007581734, -0.11590309755836348, 0.018110686605962652, 9.165601584203266], [0.11574155590856228, 0.993231701019243, 0.009730381610513882, 0.7800140946313349], [-0.0191158894333502, -0.007567038178676769, 0.9997886390154543, 0.051582839634669427], [0.0, 0.0, 0.0, 1.0]], [[0.9931118032948076, -0.11577744787524617, 0.018014680680765532, 9.204173722638275], [0.11562105552063219, 0.9932479956977959, 0.009496871200879331, 0.7859108837234187], [-0.018992568989743906, -0.007348578488786545, 0.9997926188552124, 0.048614562705719275], [0.0, 0.0, 0.0, 1.0]], [[0.9931325511210359, -0.11559378583318752, 0.018050279238120692, 9.238419922943265], [0.11544012677466639, 0.993270545820503, 0.009338090580465678, 0.7893383650307448], [-0.019008235953709887, -0.007190235197210413, 0.9997934724150468, 0.04618970839315994], [0.0, 0.0, 0.0, 1.0]], [[0.9931465328061921, -0.11546822562484767, 0.018084613517803202, 9.26938836332721], [0.11531452904700475, 0.9932852469557635, 0.009326176638659492, 0.7928224265354142], [-0.01904005687246061, -0.007176841302220208, 0.9997929631594814, 0.04321422052152887], [0.0, 0.0, 0.0, 1.0]], [[0.9931607868952022, -0.1153565270176609, 0.018014523255599556, 9.297063562304304], [0.11520483007378267, 0.9932987212210149, 0.009246488434392576, 0.7985599834368439], [-0.01896044570609377, -0.0071078896389971625, 0.9997949686828326, 0.040295214738790164], [0.0, 0.0, 0.0, 1.0]], [[0.9931691801291909, -0.11528075813379828, 0.01803680807703039, 9.320705660025856], [0.11512925516834678, 0.9933076614243279, 0.009227370162424097, 0.8053129194211557], [-0.018979837878459922, -0.007087775379440369, 0.9997947435320301, 0.034725601223266976], [0.0, 0.0, 0.0, 1.0]], [[0.9931707268964027, -0.11525990967136851, 0.01808481292739984, 9.325953258157888], [0.115108954930496, 0.9933104481689259, 0.00918052576145038, 0.8063877745331149], [-0.01902198020396716, -0.007036105527604305, 0.9997943075893783, 0.03356445927368387], [0.0, 0.0, 0.0, 1.0]], [[0.9931749356418398, -0.11521968906277145, 0.018109954862053836, 9.341037342602174], [0.11507012694970008, 0.993315707912369, 0.009097818327994292, 0.8071000331539971], [-0.01903715043296314, -0.006951810327357009, 0.9997946085254537, 0.030102657433246183], [0.0, 0.0, 0.0, 1.0]], [[0.9931783993077391, -0.1151970599171739, 0.018063901432308627, 9.356212895477451], [0.11504827013857978, 0.9933184588414584, 0.00907385601330388, 0.8077533039191003], [-0.018988488266249194, -0.006933737179101129, 0.9997956594235112, 0.025118944487944068], [0.0, 0.0, 0.0, 1.0]], [[0.9931756100126673, -0.11521611058349564, 0.01809573259025468, 9.369269927837596], [0.11506641261585081, 0.9933160253494933, 0.009110130163918422, 0.8077664224167586], [-0.019024414936735137, -0.006965748050028134, 0.999794753932235, 0.0206653661295179], [0.0, 0.0, 0.0, 1.0]], [[0.9931801960301189, -0.11518204508466132, 0.018060861100450135, 9.37984637985537], [0.11503261237250617, 0.9933199532413391, 0.009108709204964269, 0.8067166307553596], [-0.018989373458106713, -0.006969001559686004, 0.9997953974253581, 0.016248752884898073], [0.0, 0.0, 0.0, 1.0]], [[0.9931924057687936, -0.1151239554624153, 0.017757252092700085, 9.387205724205431], [0.11497766599759102, 0.9933268183247841, 0.00905363565137362, 0.8067990634654318], [-0.018681045070934564, -0.00695031477339239, 0.9998013361061329, 0.013258541658501335], [0.0, 0.0, 0.0, 1.0]], [[0.9932008324485078, -0.1151386399098116, 0.017181385954282927, 9.395576736526737], [0.11499760641934823, 0.993325127440465, 0.008985639276348297, 0.8055680514103768], [-0.01810129667764083, -0.0069487261496415905, 0.9998120114618975, 0.010407042545358932], [0.0, 0.0, 0.0, 1.0]], [[0.9932202808012939, -0.1150752128815291, 0.01646721546800315, 9.407015295212105], [0.11494028132894442, 0.9933323405544949, 0.008921487350889533, 0.804685623400241], [-0.017384059739370232, -0.006968255793219067, 0.9998246035571331, 0.006892867337890916], [0.0, 0.0, 0.0, 1.0]], [[0.9932418327999313, -0.11497930052719203, 0.015824728323447883, 9.422980310698591], [0.11484954762805165, 0.9933432026233405, 0.008880496136872905, 0.8069476388966559], [-0.01674045954761008, -0.007003017369875549, 0.9998353438250981, 0.004116171666739875], [0.0, 0.0, 0.0, 1.0]], [[0.9932574724427906, -0.11490752092130277, 0.015357573775807813, 9.445294363757014], [0.11478278792582927, 0.9933518702200568, 0.008773455778061314, 0.8111857272778399], [-0.016263610685610896, -0.006951515376941953, 0.9998435734660852, 0.002060401369243014], [0.0, 0.0, 0.0, 1.0]], [[0.9932751128367265, -0.11478829796248115, 0.015106186483183001, 9.476539072596738], [0.11466736444983376, 0.9933663282520364, 0.008644849634110028, 0.8148497147968815], [-0.01599830457633111, -0.006854527404862874, 0.9998485233797862, -0.0014192591837484732], [0.0, 0.0, 0.0, 1.0]]], "velocities": [[0.5226406907884741, -0.01178360904466217, 0.001565391126052023], [0.49538887351001765, -0.012589249700528436, 0.0010118184202369883], [0.4697158590645485, -0.011115334271339197, 0.00015357032162696994], [0.44376563180011247, -0.006766718469768971, 0.001563049853372434], [0.41324925136299134, -0.008929541330662432, 0.0012098824595284077], [0.38256642149897785, -0.009919700535857223, 0.0004], [0.3524913936247122, -0.009039504693015121, 0.0015], [0.31997504758880013, -0.005967514968952029, 0.00109805927091529], [0.28760076937846485, -0.005894353339870755, 1.0449896287819184e-05], [0.25492500642852, -0.005385114727045907, 0.0007398588560665665], [0.22032526572579592, -0.004729629031749498, 0.0026294113439668124], [0.21211977186534828, -0.004564496994851536, 0.0025881005173688104], [0.18538898225421682, -0.004760093304745232, 0.0005833345254273657], [0.14896192904731564, -0.0032416348256891344, 0.00044511122237322084], [0.1121846891103763, -0.00222215712737618, 0.0014843001215935913], [0.07811197323444934, -0.0022309337046010147, -0.0008693178837946738], [0.0633576642014572, -0.002091437363742437, -0.00420723601077653], [0.07876278682040636, -0.002009574267616017, -0.005317745511765969], [0.11719982749436378, -0.0014265744458280877, -0.0038042295496268745], [0.17201903659274698, -0.0026068285714890916, -0.0018947500178814105], [0.2440433977524682, -0.0032665137199531825, -0.0034852681019478817], [0.3199363805537552, -0.0032472857461754816, -0.0011515819087809648]], "accelerations": [[-0.16050331878978613, -0.05491964094127745, -9.804500338554705], [-0.1554722933504995, -0.1166918079298095, -9.792090007867822], [-0.1671678826025797, -0.10594284385952364, -9.831999969005556], [-0.1984234604105572, -0.11311231671554253, -9.834372727272727], [-0.1803057029778509, -0.0821, -9.786122115728489], [-0.20140793219369144, -0.08908994349474288, -9.81003697160432], [-0.19323614190687363, -0.14421702310278234, -9.82264469637365], [-0.20300194072908473, -0.09862522947810123, -9.800053422501968], [-0.22431349688863458, -0.11771349688863458, -9.825313353837352], [-0.216774777674463, -0.08573633025773073, -9.827880776291634], [-0.24210587940776768, -0.11877650382662185, -9.817282397539518], [-0.24345720620842573, -0.10939519586104952, -9.806809164818922], [-0.24676107574565484, -0.10752220871182319, -9.79014447464416], [-0.2630739265193239, -0.12193533366711967, -9.840722451899007], [-0.2526477934339461, -0.11725939489306916, -9.801188398540878], [-0.17303637078892783, -0.11032670529051332, -9.78469828815297], [0.09331393557923849, -0.11057680900269413, -9.779765302911095], [0.34940738383043657, -0.11674432682449992, -9.815369382256874], [0.5260728154876857, -0.10546193405335814, -9.814828395679852], [0.6823137472283813, -0.09164199985694872, -9.81626575352264], [0.8087781369954462, -0.10884731898052119, -9.789794168275993], [0.7751264120353814, -0.10044429344586701, -9.844614717592924]], "angular_rates": [[0.162721953592728, 0.035211584865145806, 0.09337019567817921], [0.1385593713793868, -0.0620616578345812, 0.14266903182036939], [0.039923026527044825, 0.01162120912541019, 0.07960004306595073], [0.0051583003843156255, 0.02075081750693744, 0.07719976203836014], [-0.02924579142630921, -0.07301133578075203, 0.07723506048965399], [0.18859724835495492, 0.040046188615615014, 0.08120255723767406], [0.04877493281246034, 0.07486240077340867, 0.14835832527753462], [0.07022917851248046, -0.06817641784128137, 0.10156394430750425], [0.015015830040647644, -0.013673655607607832, 0.027929407812171406], [0.07111146220973899, -0.009197650790929221, -0.0040430523726742145], [0.06936133384889748, -0.08665133218403012, 0.040410265366344025], [0.08413840756922239, -0.08684439449522827, 0.05275150006034851], [0.002387112410312236, 0.06773651225807087, 0.01295496875736756], [-0.03137218160697962, -0.01589639252859386, -0.022015155029964727], [-0.006681857493934292, -0.03470404668427437, 0.0065400626315387095], [0.013290372346615995, 0.07374715276176726, 0.033400859008197656], [-0.04466521772991229, 0.20765302985943634, 0.08398453692085785], [-0.023052279263374886, 0.3548454680545299, 0.020756076757613963], [-0.022314180997001266, 0.39153962885519156, 0.0952772136338775], [0.002926383680330579, 0.3346202614262432, 0.05295706162964799], [0.04667056318267449, 0.20731111026350554, 0.042971834634811745], [-0.012932169564175054, 0.05777810061148919, 0.058465327580409905]], "timestamps": [1619521116.973461, 1619521117.084409, 1619521117.195357, 1619521117.306305, 1619521117.417253, 1619521117.528201, 1619521117.639149, 1619521117.750097, 1619521117.861045, 1619521117.971993, 1619521118.082941, 1619521118.10881, 1619521118.193889, 1619521118.304837, 1619521118.415785, 1619521118.526733, 1619521118.637681, 1619521118.748629, 1619521118.859577, 1619521118.970525, 1619521119.081473, 1619521119.192421], "origin_lat_lon": [52.26297259073596, 21.044014328489144]}