{"poses": [[[0.9973619046674878, 0.07236964373288648, 0.005644978655064168, 35.32147793203591], [-0.07235511095213315, 0.9973751762954677, -0.0027378145827122477, -1.0839388687160667], [-0.0058282962472363635, 0.0023221489099307193, 0.9999803190999784, -0.06181609526534516], [0.0, 0.0, 0.0, 1.0]], [[0.9973017414613705, 0.07299054183221304, 0.007849667582614826, 36.26555418020642], [-0.07297467181560033, 0.9973311655008295, -0.0022898895524797376, -1.147577597663554], [-0.007995858398134742, 0.001710883922739367, 0.9999665690035242, -0.06471694760440926], [0.0, 0.0, 0.0, 1.0]], [[0.9972530273534207, 0.07352376325437837, 0.008980850257724606, 37.194571284437345], [-0.0735094288924098, 0.9972926809419527, -0.0019163516181506094, -1.2124100321104707], [-0.009097433613349448, 0.0012509102792607346, 0.9999578350736215, -0.06982569714441791], [0.0, 0.0, 0.0, 1.0]], [[0.9972457175410618, 0.07368728294584269, 0.008435827053236188, 38.10765659202283], [-0.07367518974172892, 0.9972807795022601, -0.0017358720818795028, -1.2752655147928866], [-0.008540799876652882, 0.0011095798410778355, 0.9999629110972282, -0.07651527862462688], [0.0, 0.0, 0.0, 1.0]], [[0.997332614444283, 0.07258873025011732, 0.007650647450177364, 39.00761885950078], [-0.07257999481450174, 0.9973615923267541, -0.0014136846071062302, -1.3392866159278103], [-0.007733079493843494, 0.0008546298129434416, 0.9999697340866996, -0.08342004005569145], [0.0, 0.0, 0.0, 1.0]], [[0.9974375875390867, 0.07117566463930573, 0.007230748741294046, 39.895508645282874], [-0.07116782009781673, 0.9974634601795664, -0.0013367831280095717, -1.4032316016682784], [-0.007307554086794895, 0.0008187611126718922, 0.9999729642762893, -0.09132950910993971], [0.0, 0.0, 0.0, 1.0]], [[0.9974994404907639, 0.07023138645186469, 0.007900542871337419, 40.77332138465929], [-0.07023379518027253, 0.9975305575560117, 2.7505781310707692e-05, -1.4663537691230049], [-0.007879101166283497, -0.0005823221113061668, 0.9999687898458482, -0.09764895895058805], [0.0, 0.0, 0.0, 1.0]], [[0.9975432682907833, 0.06950555392109851, 0.008741044666603968, 41.641933655196034], [-0.06951867167692065, 0.9975799220633212, 0.0012055639404482607, -1.5266451062547997], [-0.008636097267794638, -0.0018102680075792127, 0.9999610696190737, -0.10274879375778065], [0.0, 0.0, 0.0, 1.0]], [[0.9976078333939179, 0.06863284266833698, 0.008254917222862946, 42.500345059243934], [-0.06864017213746208, 0.9976412970897711, 0.0006075442195027202, -1.5834368532325636], [-0.008193748838754492, -0.0011727098116669204, 0.9999657430290625, -0.10917885129080222], [0.0, 0.0, 0.0, 1.0]], [[0.9977042434935717, 0.06751978734199254, 0.005226933346808597, 43.34824422053839], [-0.06752105281911663, 0.9977178474368046, 6.581995977678995e-05, -1.6413452925491085], [-0.005210560537786539, -0.00041859689576774484, 0.9999863373244261, -0.11730757267702524], [0.0, 0.0, 0.0, 1.0]], [[0.9977949753770022, 0.06636837711250959, -0.0006524046745004965, 44.18815930066363], [-0.06636792237234368, 0.9977949764501625, 0.000695593845808792, -1.6966607148298842], [0.0006971315415049774, -0.0006507613014585749, 0.9999995452585678, -0.12273601998917624], [0.0, 0.0, 0.0, 1.0]], [[0.9978113213904927, 0.0660927630491797, -0.0020769153771887875, 44.375441591045075], [-0.06609061478628635, 0.9978130335847317, 0.001086575172607795, -1.7085123281405343], [0.00214418798842981, -0.0009469323946323877, 0.9999972528846818, -0.12377202402322658], [0.0, 0.0, 0.0, 1.0]], [[0.9978648876944181, 0.06498235347455883, -0.006554360648748858, 45.02004227379007], [-0.06496822214284836, 0.9978845742849122, 0.002346596645602923, -1.749477752920927], [0.006692982758373318, -0.0019157612395963991, 0.9999757666267063, -0.12675763848302418], [0.0, 0.0, 0.0, 1.0]], [[0.9979346951906639, 0.06362202162360925, -0.008864677052310721, 45.8432063994394], [-0.0635983201154047, 0.9979712744431292, 0.002930710639957324, -1.8007624196314624], [0.009033150791129199, -0.0023608792602853087, 0.99995641326805, -0.12948421154018816], [0.0, 0.0, 0.0, 1.0]], [[0.9980541859760123, 0.06214117390866351, -0.005129947466862014, 46.65637978198361], [-0.062127376782424124, 0.9980642825346071, 0.002806596304188977, -1.850440834795536], [0.00529442252698388, -0.002482425010592836, 0.9999829031819357, -0.12242004346345216], [0.0, 0.0, 0.0, 1.0]], [[0.9981499849679746, 0.06078696926776972, 0.0012457430198101092, 47.4605452896553], [-0.06078901105095051, 0.9981492368053363, 0.0016724832950177257, -1.8990165882307537], [-0.0011417722538239348, -0.0017451166619790125, 0.9999978254596139, -0.110996485592202], [0.0, 0.0, 0.0, 1.0]], [[0.9982094971314642, 0.059602701000711036, 0.005031686592907301, 48.25290043533841], [-0.05961273941163747, 0.9982198294237535, 0.0018690759889849287, -1.9423883979904917], [-0.004911327355166637, -0.0021656820247291527, 0.9999855942387261, -0.1046489964603475], [0.0, 0.0, 0.0, 1.0]], [[0.9982934361220811, 0.05827801706733257, 0.0037266771081137747, 49.03321219752772], [-0.05828710376546124, 0.9982970294357396, 0.0023779306996755197, -1.9861493193046558], [-0.0035817496007955296, -0.0025910898243402558, 0.9999902286139197, -0.10866507699417481], [0.0, 0.0, 0.0, 1.0]], [[0.9983713160752768, 0.05704588406796455, 0.0006945135160253067, 49.80143789520717], [-0.05704755855096406, 0.9983678284114078, 0.002693558327589494, -2.025214392639102], [-0.0005397235347105862, -0.002728791672910935, 0.9999961311897722, -0.11635568604517005], [0.0, 0.0, 0.0, 1.0]], [[0.9984477512896943, 0.05569307721705823, -0.0006075316020291748, 50.55832032981624], [-0.05569167978303837, 0.9984457733576554, 0.0021152936384546753, -2.0638955890860857], [0.000724394572170443, -0.0020781757211941814, 0.9999975782161553, -0.12090033669229609], [0.0, 0.0, 0.0, 1.0]], [[0.998527902231611, 0.054238981497872346, -0.0004016852146904713, 51.30307463184378], [-0.05423882925655853, 0.9985279187314954, 0.00038067653738239584, -2.1034175444345697], [0.000421741409077848, -0.0003583292085267567, 0.9999998468671694, -0.12265983516756686], [0.0, 0.0, 0.0, 1.0]], [[0.9985965138345037, 0.05294125998977007, 0.001491827158723198, 52.034935544711466], [-0.05294037891074737, 0.9985974798849896, -0.0006240577971661481, -2.1403965525790882], [-0.0015227732472133863, 0.0005442040456292054, 0.9999986925009424, -0.12194715126006594], [0.0, 0.0, 0.0, 1.0]]], "velocities": [[8.567850291871514, 0.0508242636953651, 0.015058112199890328], [8.419739986938412, 0.047810560103889364, 0.0044305724435543484], [8.29173270741365, 0.045333224003626015, -0.021392825978113154], [8.173458846450243, 0.04471873321783312, -0.02356827837779844], [8.067585028520329, 0.03979962356804637, -0.029422316000286105], [7.9645345171905, 0.03970191232443413, -0.02592480032424958], [7.868651037970849, 0.04949140137943539, -0.007818093603223423], [7.771864834305976, 0.051653477101951395, -0.016079004839901774], [7.680559365596759, 0.032000876862161166, -0.040191147509715565], [7.587020816668356, 0.029826548807358858, -0.03901281977922419], [7.512718073970536, 0.04331050664178245, -0.026703004076961592], [7.498152677892439, 0.04340456251242741, -0.025868016117111318], [7.446002781677068, 0.04346258217233259, -0.01067102019407291], [7.3687399932867725, 0.03378741560253277, 0.04893760818253344], [7.291259186147978, 0.030423194816102245, 0.12914179243258708], [7.2047011266976515, 0.0343633428261232, 0.1342952101661779], [7.105525166230717, 0.03753296175004795, 0.044321114369501466], [6.993863460432437, 0.03917154133231509, -0.03225375867248408], [6.880826552976487, 0.03836262273535316, -0.026275891090289202], [6.765265342076632, 0.023976680939220885, 0.019458200414848723], [6.65208099094901, 0.01652960795201841, 0.060254748110530956], [6.522918621276583, 0.02463050982355912, 0.06011969577760294]], "accelerations": [[-1.2816295305533703, -0.20309810457048852, -9.71244336599671], [-1.3307171208544932, -0.13944872088310326, -9.631223028872517], [-1.0933887061011374, -0.19815282883913884, -9.736655654101996], [-0.9795719834060511, -0.22582801659394894, -9.769502439024391], [-0.8948453138783588, -0.24294455093817802, -9.657580134945045], [-0.8556031924278188, -0.36221120568390436, -9.97586400114441], [-0.7989646234174952, -0.41926494289869587, -9.82735378966693], [-0.8086687623679756, -0.08691182080442507, -9.576088009918223], [-0.7031966287580765, -0.09524758839377251, -9.651028994111057], [-0.781079419688625, -0.36799029873876454, -9.927106682879145], [-0.4742617194764323, -0.35784529003647814, -9.856786753451113], [-0.5271737810838519, -0.2987647307059581, -9.935301525880362], [-0.4293084710201941, -0.25627385260949387, -10.084998242853397], [-0.43573482821924997, -0.114762260687123, -11.021603120902178], [-0.5224541854421477, -0.30742984765038267, -10.235145251889469], [-0.8205062561094819, -0.2925332355816227, -9.440662072336266], [-0.8806777769830485, -0.25268913525498893, -8.957383470424148], [-1.0025551248122453, -0.24253599170302553, -9.510094592661469], [-0.8612505424027848, -0.1694376797081754, -10.091075426173617], [-0.951659680995637, -0.1285563908161076, -10.264837522351764], [-0.9140930071764061, -0.30236677872350576, -9.938158808382806], [-1.2081466180292302, -0.27530197887609376, -9.73660889540567]], "angular_rates": [[-0.3807662929011849, -1.1164697287433676, 0.27976347648988714], [-0.05685098350976224, -1.0971049082049773, 0.224415067728603], [-0.17180267143355069, -0.07542617878554046, 0.3166476396740807], [-0.2281529332977339, 0.4173561292929724, -0.2314765065174685], [0.16174250353167183, 0.3049003997779131, -0.7964979557735062], [-0.2963933637329638, -0.17269864284295952, -0.550511613772037], [-1.026399733355293, -0.40660290143505884, -0.4205954315583603], [-0.1817779536634713, -0.18983329520745995, -0.4752295521154246], [0.5607077708699802, 0.6824184974989298, -0.5064938849325571], [0.0803110117950683, 2.432229636732107, -0.6222262369022206], [-0.4583166898651684, 3.2528764733464133, -0.6242120889765013], [-0.5919405755038363, 3.414538093700797, -0.6960333314613089], [-0.4438550619023039, 2.317977920922386, -0.7261035684878261], [-0.2481353537902444, -0.45381863717682247, -0.8113704473275337], [0.5255961117676883, -2.8737625687058346, -0.728745337914013], [-0.13341123432624866, -3.0692262537628827, -0.6376314563988014], [-0.18129026403125698, -0.37552807922736897, -0.702233933367363], [-0.07861332567668697, 1.5243600947440392, -0.708072726147655], [-0.05607388482603415, 1.2532305729952975, -0.6336939851910073], [0.737809977474196, 0.20960669805165494, -0.870577465857247], [0.7083063461608236, -0.5420961023492505, -0.7230582164590752], [0.27774553615628406, -1.4469741962129041, -0.7938084022983156]], "timestamps": [1619702799.63917, 1619702799.750248, 1619702799.861326, 1619702799.972404, 1619702800.083482, 1619702800.19456, 1619702800.305638, 1619702800.416716, 1619702800.527794, 1619702800.638872, 1619702800.74995, 1619702800.774894, 1619702800.861028, 1619702800.972106, 1619702801.083184, 1619702801.194262, 1619702801.30534, 1619702801.416418, 1619702801.527496, 1619702801.638574, 1619702801.749652, 1619702801.86073], "origin_lat_lon": [52.23388787663684, 21.009382829171493]}