{"poses": [[[0.9748816879482181, 0.22272327833565023, -0.00018918417933157797, 41.789187817519874], [-0.2226801376090681, 0.9747088866589525, 0.01887174031380646, -3.334428707202209], [0.004387575371399797, -0.01835558649255706, 0.9998218949527333, 0.042598804833076896], [0.0, 0.0, 0.0, 1.0]], [[0.9726028111772806, 0.23247286350907653, -0.00037339247603233335, 42.973119250171884], [-0.2324243542458424, 0.9724302647123784, 0.018928809387200114, -3.602958312693785], [0.00476353266536963, -0.018323427717107658, 0.9998207643139053, 0.04337721303995488], [0.0, 0.0, 0.0, 1.0]], [[0.9702251247913228, 0.2422048367833984, 0.0001557638896873213, 44.15630753667062], [-0.24216638502801283, 0.9700592268816383, 0.018453679965319103, -3.8821546700580076], [0.004318470345647023, -0.01794194472529434, 0.9998297042163472, 0.04741132143299409], [0.0, 0.0, 0.0, 1.0]], [[0.9677680688144632, 0.25184153435835616, 0.0008980841571810097, 45.33454928726987], [-0.2518149375326452, 0.9676001955953726, 0.018414633290582346, -4.173140318053503], [0.003768583096397273, -0.018047245103492992, 0.9998300329184056, 0.05260125112801568], [0.0, 0.0, 0.0, 1.0]], [[0.9652768655427104, 0.26122121235931767, 0.0020127249112476594, 46.507206967822206], [-0.2612131530766832, 0.9651050074708533, 0.018439447237417524, -4.475756892690085], [0.002874283872087432, -0.018324922052017568, 0.9998279530619306, 0.05819170749747484], [0.0, 0.0, 0.0, 1.0]], [[0.9628133479098341, 0.2701441947612025, 0.003545578017503467, 47.676189885804455], [-0.2701631421192902, 0.9626408337980034, 0.018289388861222947, -4.787514602720423], [0.0015276540475241695, -0.018567152218536716, 0.9998264485057418, 0.06313480991931715], [0.0, 0.0, 0.0, 1.0]], [[0.9605127898079153, 0.2781689661756325, 0.006099743617175633, 48.839111681349735], [-0.2782345808262711, 0.9603434695832992, 0.01805376584372666, -5.109636689452746], [-0.0008358515685606407, -0.01903803260556933, 0.9998184108460219, 0.06675231110557636], [0.0, 0.0, 0.0, 1.0]], [[0.9584757199451103, 0.285037483752881, 0.008827634537557588, 49.99683414873001], [-0.2851518165130765, 0.9583287532823735, 0.017159317339113207, -5.44091403957608], [-0.003568727363551976, -0.018964005064271258, 0.9998137980128735, 0.0682804697249094], [0.0, 0.0, 0.0, 1.0]], [[0.9567456822574504, 0.29070893130419556, 0.011225717870066026, 51.14766945242655], [-0.2908601688916784, 0.9566364459304555, 0.015718539049511118, -5.7814498224285575], [-0.006169411157491322, -0.018303758562632628, 0.9998134379915339, 0.06661538008154252], [0.0, 0.0, 0.0, 1.0]], [[0.9552943561740331, 0.2953353425032241, 0.013774197999988937, 52.29535821661968], [-0.2955151058156284, 0.9552411405327842, 0.013608294103362577, -6.1288310347567565], [-0.009138670407532636, -0.017070410133590792, 0.9998125253271503, 0.061991445551708164], [0.0, 0.0, 0.0, 1.0]], [[0.9542062580578375, 0.2987268017872115, 0.01589701158217174, 53.43925983112157], [-0.29891961726877897, 0.9542086532085978, 0.011528597213907081, -6.483482028230464], [-0.011725165037062158, -0.01575258822599841, 0.9998071696427445, 0.055402965147193985], [0.0, 0.0, 0.0, 1.0]], [[0.9540316026688899, 0.2992705796402137, 0.016149961945464652, 53.68257704699996], [-0.2994627813651232, 0.9540428896112864, 0.011144835539895214, -6.559348329126254], [-0.012072434969544115, -0.015468837834737176, 0.9998074671505253, 0.05361748423880848], [0.0, 0.0, 0.0, 1.0]], [[0.9535572569344419, 0.3008166864756171, 0.01542332277730495, 54.58410352314029], [-0.3009799710839013, 0.9535820159075206, 0.009612280899103843, -6.84120287166971], [-0.011815868736433546, -0.01380797145056371, 0.9998348489477769, 0.044334464866663634], [0.0, 0.0, 0.0, 1.0]], [[0.9532642499701107, 0.30183971080950794, 0.01341859558056747, 55.72572231710407], [-0.30197020221479925, 0.9532745066681522, 0.009039464085019239, -7.202225862465534], [-0.010063135856949762, -0.01266901397204019, 0.9998691061242471, 0.029924270728046518], [0.0, 0.0, 0.0, 1.0]], [[0.9529055985064142, 0.30308151857822224, 0.010607234863586694, 56.865715145833256], [-0.3031832250536311, 0.9528816786855009, 0.009820309138776798, -7.564266465592418], [-0.007131085556337792, -0.012573763232247641, 0.9998955185903013, 0.01767631318454189], [0.0, 0.0, 0.0, 1.0]], [[0.9526055438809632, 0.3041177784635488, 0.007419878007765605, 58.00268510812796], [-0.3041850169556686, 0.9525509542316627, 0.010869914996375052, -7.926761798431104], [-0.003762077475794461, -0.012611757004662865, 0.9999133914286384, 0.007507054042410833], [0.0, 0.0, 0.0, 1.0]], [[0.9523222025256689, 0.30503738539840897, 0.0058835436567866595, 59.13758917501747], [-0.3050876370589376, 0.9522505966466169, 0.011846303218980024, -8.287559153071097], [-0.0019890425970170923, -0.01307649400506812, 0.9999125206807257, 0.003055403399855922], [0.0, 0.0, 0.0, 1.0]], [[0.952074405878514, 0.3057652053480856, 0.007871776770061758, 60.26855951152329], [-0.3058393626920902, 0.9520174815982679, 0.011180293349808449, -8.647854352533914], [-0.004075524404381926, -0.01305197033917647, 0.9999065137157046, 0.0050693362703210215], [0.0, 0.0, 0.0, 1.0]], [[0.9517796882007198, 0.30661117925147063, 0.010247433169491033, 61.39452160106931], [-0.30670918557765403, 0.951751217436778, 0.00995467678546304, -9.007105159521178], [-0.00670079180640705, -0.012617641048682987, 0.9998979420538547, 0.008636281028505572], [0.0, 0.0, 0.0, 1.0]], [[0.9515436073933481, 0.3073440229277802, 0.010218356003880814, 62.51678361677347], [-0.3074470824308526, 0.9515040335199997, 0.010787293447753437, -9.366594831472483], [-0.0064073967889008735, -0.013406183861918873, 0.9998896036566487, 0.005976270047122069], [0.0, 0.0, 0.0, 1.0]], [[0.9513525877515194, 0.30797041854677815, 0.009081579081289044, 63.63869989684425], [-0.3080766659305901, 0.9512486625713125, 0.014654346296607845, -9.724947801100974], [-0.004125734792616067, -0.01673927287583329, 0.9998513764835298, 0.0024300136513287023], [0.0, 0.0, 0.0, 1.0]], [[0.9511667611684014, 0.308628959463896, 0.0054733745209085945, 64.75712520703559], [-0.3086760481733629, 0.9510669640657589, 0.013810399951348914, -10.0828960793431], [-0.0009432563220303589, -0.014825493009451633, 0.9998896514238647, 0.0012457243512165813], [0.0, 0.0, 0.0, 1.0]]], "velocities": [[10.879582098694573, -0.018761109752326206, 0.04093050568628854], [10.885510721886972, -0.022236542713861256, 0.06295030398397826], [10.89058313264573, -0.023755320755471637, 0.07372879860763418], [10.895121317234683, -0.023508614833713692, 0.05788459337672556], [10.882597446641558, -0.020670692242202374, 0.05179690532389195], [10.868437245184625, -0.023318217453356774, 0.042827515914455334], [10.85160008741224, -0.0285497930846593, 0.026588381851560452], [10.83572011485768, -0.03855913737865778, 0.00738450039339103], [10.824472102870246, -0.048405653233895236, -0.027982414228834372], [10.807953689748881, -0.05676022988188148, -0.052092978566149306], [10.796355943548397, -0.06688073469806233, -0.08929992132179386], [10.794430183112683, -0.0687699531300577, -0.10066590134229789], [10.780448372204441, -0.08065992804251351, -0.14304157070309706], [10.759984539841888, -0.07925142485994105, -0.12774109863386024], [10.737649797981003, -0.06126206882136651, -0.10783065589013661], [10.717896815483671, -0.06891616498844762, -0.08251822473356699], [10.694506944635554, -0.0647040442795321, -0.0282526619459743], [10.672291836290018, -0.07024182865645337, 0.0048340247478721125], [10.645789938667816, -0.0713370294226649, -0.029698707770068906], [10.619814914215326, -0.06528182168448185, -0.07272763512385856], [10.601842575919049, -0.04083929941500945, -0.09259071597167585], [10.57301479580093, -0.07617813916865586, -0.03697393367188804]], "accelerations": [[0.24335198483656392, 0.8370571299144076, -9.871315802398493], [0.26304564289631166, 0.9011886512648118, -9.908973609422313], [0.22626474739527455, 0.8065864768852967, -9.773519257086999], [0.11074772190830413, 0.7843195336528146, -9.829918482225878], [0.05589805927091529, 0.7780431681091005, -9.86042895357986], [0.04827690437021673, 0.7857432873185037, -9.67888236892926], [0.03710331640559807, 0.6889815368476266, -9.648560992299073], [-0.03751331092196552, 0.6877396609684572, -9.536958894213576], [-0.029519783992561336, 0.4307845933767256, -9.52774317049329], [-0.09194259113558878, 0.29605687480628473, -9.639275197291562], [-0.05543993276589657, 0.1982395536799943, -9.2466386739146], [-0.0563164652027752, 0.18197835872493623, -9.31908862980712], [-0.13551151324416472, 0.19773548625515583, -9.574145640512123], [-0.08153869537229097, -0.20642141477719764, -9.854295672698663], [-0.1500892926114012, -0.03309705314355196, -10.172933957990606], [-0.10830682354624133, -0.0010851798869894874, -10.00201299620914], [-0.08987762916338841, -0.1700193548387097, -10.589753868345136], [-0.11992790215292183, -0.08329918460768188, -9.637527909305486], [-0.16739547004267696, -0.02069965906110674, -9.208303819469279], [-0.10706051784564767, -0.32689079941825816, -9.629743137114657], [-0.19847985837922896, -0.08289701022816681, -9.94109693154996], [-0.055272238514174, 0.15262309562978327, -10.409039811172304]], "angular_rates": [[-0.08533311807744906, 0.4251974125042308, 5.225979413646819], [-0.30931360777547495, -0.26171630998203177, 5.153363095403244], [-0.10940860163543054, -0.5648037709195952, 5.093448017807774], [-0.223534846750441, -0.47757747286290325, 5.038241035078319], [-0.462282274158397, -0.534126793950095, 4.878387162615565], [-0.14510597733839056, -1.0676273682391169, 4.565781332218544], [-0.07860695993430968, -1.5996208871712922, 4.060541198005704], [0.17729750921959825, -1.439409932078189, 3.322415050773305], [0.3976580088656041, -1.718558513371447, 2.856169418965472], [0.7583425019270794, -1.747875543738738, 2.1075889195778914], [0.7935474888231946, -0.8980534579591454, 1.4752530095154759], [0.614124668593844, -0.6071146748388689, 1.2849389231734423], [1.4839588042548235, 0.7043067201723069, 0.842904081100087], [0.17009793655322367, 0.9619279043697712, 0.3453286012381228], [-0.49046479536221843, 1.7816245378209388, 0.7115958093833133], [0.24539707369904554, 1.565976518026576, 0.43691046044080534], [0.6661918376882418, 0.014285777744789507, 0.562497896856746], [-0.2648954655442282, -1.4624872508389408, 0.3942050854000098], [-0.2278388399190189, -0.8776061743483958, 0.32930419718202325], [-0.9364335023000467, 0.984998871048537, 0.3354981737982641], [-0.6616833074797169, 1.2992442352778875, 0.527288866484786], [0.3759378090060484, 1.3499068429318695, 0.10612356437974388]], "timestamps": [1619427675.86145, 1619427675.972505, 1619427676.08356, 1619427676.194615, 1619427676.30567, 1619427676.416725, 1619427676.52778, 1619427676.638835, 1619427676.74989, 1619427676.860945, 1619427676.972, 1619427676.995578, 1619427677.083055, 1619427677.19411, 1619427677.305165, 1619427677.41622, 1619427677.527275, 1619427677.63833, 1619427677.749385, 1619427677.86044, 1619427677.971495, 1619427678.08255], "origin_lat_lon": [52.23272077359583, 20.996920695403716]}