{"poses": [[[0.999683539410697, -0.02492964068852574, 0.003366607556939439, 23.921867928295246], [0.024939835662689376, 0.9996843892365742, -0.003021012051544286, 0.3488262651425341], [-0.0032902322743975335, 0.0031040186595010007, 0.9999897696675412, -0.29122203810088665], [0.0, 0.0, 0.0, 1.0]], [[0.9997183797884871, -0.023531436810110638, 0.0030712529583377694, 24.3315579961264], [0.02354719720724809, 0.9997092000027793, -0.005200474352014995, 0.3582455857653134], [-0.002947985204388979, 0.005271329192411337, 0.9999817610695607, -0.29850783403404185], [0.0, 0.0, 0.0, 1.0]], [[0.9997479111242795, -0.022219280540345707, 0.003227657805460786, 24.73826017008028], [0.022239693226527225, 0.9997319740918281, -0.006432419734924027, 0.3692244300559877], [-0.003083868970902676, 0.006502580312898542, 0.9999741027653889, -0.3050103596578246], [0.0, 0.0, 0.0, 1.0]], [[0.9997715547380588, -0.02106724851202089, 0.0036068513661587456, 25.14388112349846], [0.021093620065715597, 0.9997498464856951, -0.007436642007815811, 0.37852886974726585], [-0.003449279514340336, 0.007511024694535632, 0.9999658429060815, -0.3087881917287671], [0.0, 0.0, 0.0, 1.0]], [[0.9997845609823078, -0.02041522822499592, 0.0037483433587922497, 25.549310802823822], [0.020443908677605642, 0.9997607333624459, -0.007779628819308713, 0.3872873115608903], [-0.0035886236074284504, 0.00785458357303733, 0.9999627129535873, -0.3142522107014862], [0.0, 0.0, 0.0, 1.0]], [[0.9997874257353121, -0.020339157764136, 0.0033796453960903113, 25.950089838383786], [0.020367936635997813, 0.9997546020119373, -0.008711079906926121, 0.39601944888191004], [-0.00320164000938678, 0.008778064558799977, 0.9999563465891158, -0.32128915438494293], [0.0, 0.0, 0.0, 1.0]], [[0.9997799415660819, -0.02073182139739163, 0.003203127170231929, 26.348170070716584], [0.02076236327982777, 0.9997362534957513, -0.009815687307331082, 0.4058980353894369], [-0.0029987852804898847, 0.009880031772494241, 0.999946694708781, -0.32727166536663516], [0.0, 0.0, 0.0, 1.0]], [[0.9997664482902578, -0.021393604350519593, 0.00305983103727584, 26.743583252055483], [0.021422058613998828, 0.9997245233119821, -0.009590249911677477, 0.416319475809425], [-0.0028538181129227637, 0.009653557972243204, 0.999949330986653, -0.328284284092609], [0.0, 0.0, 0.0, 1.0]], [[0.999758420123919, -0.02183191030295364, 0.002543439374017126, 27.137005022586084], [0.021856231607268333, 0.9997114805673828, -0.009962969522227593, 0.42808022181728406], [-0.002325194885371705, 0.010016152669322577, 0.999947133679801, -0.3291813799394386], [0.0, 0.0, 0.0, 1.0]], [[0.9997484200914907, -0.022303388848255157, 0.0023781022794883357, 27.5304344870822], [0.022329294599868817, 0.9996846560577498, -0.011488735586248147, 0.4377516580963426], [-0.0021211146221855686, 0.011538946597587786, 0.9999311744236088, -0.3307512989055432], [0.0, 0.0, 0.0, 1.0]], [[0.9997361834505725, -0.022871805630091543, 0.00210808133206821, 27.923607945722704], [0.022898813109078243, 0.9996421475836913, -0.013828272938477994, 0.444644322775315], [-0.0017910493792210307, 0.013872897371668589, 0.999902162644244, -0.33111902640914115], [0.0, 0.0, 0.0, 1.0]], [[0.9997338676332359, -0.023000749348477262, 0.0017774803796274622, 27.998918746687117], [0.02302391438671468, 0.9996319515772137, -0.014347848348943388, 0.4460293374765675], [-0.0014468149172131965, 0.014384954478188921, 0.9998954844438771, -0.33173284462617997], [0.0, 0.0, 0.0, 1.0]], [[0.9997254723382069, -0.02342993494467666, 0.00013456090600712025, 28.313456005801044], [0.023428986495837464, 0.999590729129718, -0.0164151402582074, 0.4534950403290539], [0.0002500998342095295, 0.01641378647378402, 0.9998652534535171, -0.3338260192278309], [0.0, 0.0, 0.0, 1.0]], [[0.9997127425145299, -0.02390808395208075, -0.0016840355748640107, 28.701337316064215], [0.02387475821754268, 0.9995598047923305, -0.017612284450687042, 0.4643381561500635], [0.002104370245709363, 0.017567019247962737, 0.9998434734800297, -0.3357561810753789], [0.0, 0.0, 0.0, 1.0]], [[0.9996999637571639, -0.02440038618572364, -0.0021456043234425065, 29.086247205007055], [0.02436232424908654, 0.9995708562949129, -0.016265927672190084, 0.4765809238173096], [0.0025415784677239807, 0.01620877539612713, 0.9998653989308013, -0.33653461791269335], [0.0, 0.0, 0.0, 1.0]], [[0.9996965981043097, -0.02457673801432595, -0.0016418548186540893, 29.469357139377014], [0.024551552238374193, 0.9996017185967484, -0.013914936619094972, 0.49038292832369546], [0.001983184650186428, 0.013870404716598315, 0.9999018346075984, -0.33757127917473184], [0.0, 0.0, 0.0, 1.0]], [[0.9997032829126246, -0.02433485381351666, -0.0010775080489821372, 29.853814693249163], [0.024318913639235606, 0.9996207056901213, -0.012924209646675051, 0.5036451326456609], [0.001391608108717389, 0.012894170987643281, 0.9999158983541632, -0.33592911566217365], [0.0, 0.0, 0.0, 1.0]], [[0.9997057673035067, -0.02421601176229306, -0.0014012831389228944, 30.23588889999874], [0.024191100906740693, 0.9995844496443873, -0.01567541597684616, 0.513553347037665], [0.0017802968928903441, 0.015636905175122038, 0.9998761512004961, -0.3363050347060582], [0.0, 0.0, 0.0, 1.0]], [[0.9997010347664655, -0.02438947439886362, -0.0017304986001607547, 30.614930425525134], [0.02435093790781698, 0.9995114934248694, -0.01959097584595658, 0.5211936450090286], [0.0022074668440600353, 0.019542979561325544, 0.9998065808145083, -0.3406405543885029], [0.0, 0.0, 0.0, 1.0]], [[0.9997032396606118, -0.024358493197606773, -0.00031051766374164006, 30.990222478374175], [0.024346205028754828, 0.9994727617708454, -0.02148163817907548, 0.5307736174929413], [0.0008336142844169476, 0.02146770335413234, 0.9997691947644335, -0.33699504198998126], [0.0, 0.0, 0.0, 1.0]], [[0.9996998277555208, -0.024348503535776386, 0.0027211690778654193, 31.357397410532457], [0.0243976393946088, 0.9995066279751078, -0.019780187708918335, 0.5442388689011596], [-0.002238208558798481, 0.019840640347471048, 0.9998006498362809, -0.3281478625780738], [0.0, 0.0, 0.0, 1.0]], [[0.9997033150622918, -0.023879692563491862, 0.004800222550803854, 31.71025450328356], [0.02395812824374337, 0.9995682943992438, -0.017006849292067083, 0.5613182113752959], [-0.004392031935275594, 0.01711680796351492, 0.9998438502789422, -0.3224292546088145], [0.0, 0.0, 0.0, 1.0]]], "velocities": [[3.7749372554439606, -0.018823877441987727, -0.006692804520420571], [3.749671168518903, -0.015621655953520183, -0.0071], [3.7256805062308955, -0.010145231490668321, 0.0005026392961876832], [3.703443684156733, -0.007494956924002217, 0.008247321364709249], [3.6855112004867423, -0.00795809044420121, 0.005042836706959445], [3.669584762594649, -0.011001562700408639, 0.004890196218677729], [3.649768950293076, -0.009054319945361182, 0.008086560331878979], [3.6283401100810284, 2.0932224626275244e-07, 0.0042613833059151705], [3.6132283512802568, -0.00317086754718945, -0.005839432086402975], [3.5988431467635555, -0.019408719640845003, -0.005869518155592113], [3.574541445228674, -0.020736763184157958, -0.005209999284743581], [3.57267761057505, -0.01993760771324483, -0.005611580001430513], [3.5562809117688934, -0.01791559428068926, -0.0007861836301647475], [3.5355198635724396, -0.008794907244323342, 0.013146827837779844], [3.522681884334776, 0.009946174483687209, 0.007768736141906874], [3.507146545147992, 0.018343803676146478, 0.01997711894714255], [3.4902339929525255, -0.004567696094006553, 0.007355317931478435], [3.4743222907986175, -0.03448522176222845, -0.008894843001215937], [3.4417803755362675, -0.03405056866225885, -0.0010795079035834348], [3.391199839141701, -0.008432455501355914, 0.069385198960494], [3.2949974411758824, 0.007944053885260847, 0.07846026273752474], [3.1712168060089323, 0.018962141954471372, 0.028887742889159098]], "accelerations": [[-0.12426965882268795, -0.13603164294399545, -9.759338015878694], [-0.16176834513506427, -0.139718224733567, -9.831289161481058], [-0.11526871945259043, -0.23362228739002933, -9.903734701857283], [-0.11878304127029542, -0.12818615263571992, -9.799902667906444], [-0.07749771117945783, -0.1450278425482202, -9.759083289225856], [-0.07918625753999475, -0.22197063872398254, -9.82643528359917], [-0.1603204301075269, -0.19762104045967147, -9.803641608850107], [-0.08676731993419642, -0.3798474071954796, -9.717240576496673], [-0.062428288391388316, -0.06517654674200701, -9.767374029039411], [-0.06216789452352001, -0.16593370288248338, -9.861023498557566], [-0.06204609112366784, -0.29745194907374295, -9.76007196194836], [0.03651266003862385, -0.31017668979329094, -9.79020313997568], [-0.09963323558162268, -0.33588073337624874, -9.90474055742317], [-0.016646761080514032, -0.463336156212002, -9.888767236487615], [-0.040775757575757576, -0.41502742054693276, -9.72379682187731], [-0.0890354671816513, -0.18911367808692753, -9.874274427198818], [0.005300185966669051, -0.015362849581575001, -9.56974235748516], [-0.06124925494122977, -0.06201732827885464, -9.78020456095177], [-0.3845650168085259, -0.5543186109720335, -10.485678535154854], [-0.42993232482178195, -0.4866891781703741, -10.01144962449038], [-0.8826777149941588, -0.4230790406027227, -9.554768578785495], [-1.2224547338054026, -0.23505400662804282, -9.221742355100972]], "angular_rates": [[1.0583722618420957, 0.34147887072408273, 0.8103726786816536], [0.9697578494561946, 0.06597520969709067, 0.6705334515746461], [0.43336780186431734, -0.06985044416181405, 0.6558977765653671], [0.10889259401191118, -0.21238317259711761, 0.41884747519974624], [0.5633833224440191, 0.10313158350006613, 0.15673598375584147], [0.3129978699688794, 0.267717319909814, -0.058537153918220695], [0.6356999317009896, -0.10055822531384818, -0.44496458620996227], [-0.23041952007500988, 0.273998818653547, -0.24703562398319656], [0.5257119518864855, 0.13906305732989255, -0.22672260835919905], [1.0549407851909482, 0.12784605918504938, -0.22057029593662936], [1.292248953764415, 0.7401924590118346, -0.35837360563499415], [1.459890560704267, 1.0411613161918072, -0.2843616461865661], [1.0140655474232343, 1.2195460286395692, -0.1942801897301342], [-0.09044001440904845, 0.6752204684567797, -0.26115970367536795], [-1.4654816359474991, -0.038963247429557965, -0.2720194416047746], [-1.1125270939076366, -0.5467886926710622, 0.031210046421837695], [0.4115375402315129, -0.05144219252893911, 0.11026390605973807], [1.978802656636185, 0.178802228649521, -0.011209512250373754], [1.4443388198498774, 0.1478836403379022, -0.08767205028740781], [0.08571350533547098, -1.3197911714436636, -0.04606039448145836], [-1.4053553960222696, -1.539192315464315, 0.12541146325434338], [-1.3765046767747022, -0.4223839319585534, 0.39492506998743004]], "timestamps": [1595407643.08482, 1595407643.195758, 1595407643.306696, 1595407643.417634, 1595407643.528572, 1595407643.63951, 1595407643.750448, 1595407643.861386, 1595407643.972324, 1595407644.083262, 1595407644.1942, 1595407644.215579, 1595407644.305138, 1595407644.416076, 1595407644.527014, 1595407644.637952, 1595407644.74889, 1595407644.859828, 1595407644.970766, 1595407645.081704, 1595407645.192642, 1595407645.30358], "origin_lat_lon": [45.47295801784112, 9.221364064936811]}